-1.000	-1.000	-1.000	632.06036377
-0.900	-1.000	-1.000	686.90368652
-0.800	-1.000	-1.000	748.00537109
-0.700	-1.000	-1.000	807.91705322
-0.600	-1.000	-1.000	859.03448486
-0.500	-1.000	-1.000	894.80566406
-0.400	-1.000	-1.000	910.76831055
-0.300	-1.000	-1.000	905.21130371
-0.200	-1.000	-1.000	879.33245850
-0.100	-1.000	-1.000	836.87255859
0.000	-1.000	-1.000	783.32824707
0.100	-1.000	-1.000	724.94311523
0.200	-1.000	-1.000	667.71520996
0.300	-1.000	-1.000	616.62426758
0.400	-1.000	-1.000	575.18365479
0.500	-1.000	-1.000	545.30639648
0.600	-1.000	-1.000	527.39251709
0.700	-1.000	-1.000	520.52886963
0.800	-1.000	-1.000	522.73822021
0.900	-1.000	-1.000	531.27606201
1.000	-1.000	-1.000	543.01239014
-1.000	-0.900	-1.000	601.53094482
-0.900	-0.900	-1.000	654.19158936
-0.800	-0.900	-1.000	715.86907959
-0.700	-0.900	-1.000	779.66009521
-0.600	-0.900	-1.000	838.00317383
-0.500	-0.900	-1.000	883.83776855
-0.400	-0.900	-1.000	911.71563721
-0.300	-0.900	-1.000	918.64916992
-0.200	-0.900	-1.000	904.52612305
-0.100	-0.900	-1.000	872.01104736
0.000	-0.900	-1.000	825.97113037
0.100	-0.900	-1.000	772.57629395
0.200	-0.900	-1.000	718.28839111
0.300	-0.900	-1.000	668.95166016
0.400	-0.900	-1.000	629.12512207
0.500	-0.900	-1.000	601.69854736
0.600	-0.900	-1.000	587.75689697
0.700	-0.900	-1.000	586.63037109
0.800	-0.900	-1.000	596.09460449
0.900	-0.900	-1.000	612.72558594
1.000	-0.900	-1.000	632.42456055
-1.000	-0.800	-1.000	568.43707275
-0.900	-0.800	-1.000	618.54632568
-0.800	-0.800	-1.000	680.63995361
-0.700	-0.800	-1.000	748.50885010
-0.600	-0.800	-1.000	814.72229004
-0.500	-0.800	-1.000	871.71166992
-0.400	-0.800	-1.000	912.94799805
-0.300	-0.800	-1.000	933.98992920
-0.200	-0.800	-1.000	933.18884277
-0.100	-0.800	-1.000	911.90325928
0.000	-0.800	-1.000	874.18481445
0.100	-0.800	-1.000	826.02252197
0.200	-0.800	-1.000	774.32958984
0.300	-0.800	-1.000	725.88824463
0.400	-0.800	-1.000	686.43615723
0.500	-0.800	-1.000	659.99768066
0.600	-0.800	-1.000	648.49243164
0.700	-0.800	-1.000	651.61499023
0.800	-0.800	-1.000	666.97937012
0.900	-0.800	-1.000	690.53491211
1.000	-0.800	-1.000	717.24249268
-1.000	-0.700	-1.000	536.24047852
-0.900	-0.700	-1.000	583.91772461
-0.800	-0.700	-1.000	646.57409668
-0.700	-0.700	-1.000	718.82507324
-0.600	-0.700	-1.000	793.47509766
-0.500	-0.700	-1.000	862.49566650
-0.400	-0.700	-1.000	918.24865723
-0.300	-0.700	-1.000	954.72912598
-0.200	-0.700	-1.000	968.57629395
-0.100	-0.700	-1.000	959.63226318
0.000	-0.700	-1.000	930.92901611
0.100	-0.700	-1.000	888.11584473
0.200	-0.700	-1.000	838.46978760
0.300	-0.700	-1.000	789.70465088
0.400	-0.700	-1.000	748.80242920
0.500	-0.700	-1.000	721.04071045
0.600	-0.700	-1.000	709.32403564
0.700	-0.700	-1.000	713.87438965
0.800	-0.700	-1.000	732.30877686
0.900	-0.700	-1.000	760.10784912
1.000	-0.700	-1.000	791.43530273
-1.000	-0.600	-1.000	508.61776733
-0.900	-0.600	-1.000	554.23583984
-0.800	-0.600	-1.000	617.71856689
-0.700	-0.600	-1.000	694.61993408
-0.600	-0.600	-1.000	778.09820557
-0.500	-0.600	-1.000	859.75750732
-0.400	-0.600	-1.000	930.88562012
-0.300	-0.600	-1.000	983.87194824
-0.200	-0.600	-1.000	1013.51989746
-0.100	-0.600	-1.000	1017.96600342
0.000	-0.600	-1.000	998.99908447
0.100	-0.600	-1.000	961.71148682
0.200	-0.600	-1.000	913.57025146
0.300	-0.600	-1.000	863.11840820
0.400	-0.600	-1.000	818.56481934
0.500	-0.600	-1.000	786.50830078
0.600	-0.600	-1.000	770.98199463
0.700	-0.600	-1.000	772.94042969
0.800	-0.600	-1.000	790.25213623
0.900	-0.600	-1.000	818.19891357
1.000	-0.600	-1.000	850.41381836
-1.000	-0.500	-1.000	488.71987915
-0.900	-0.500	-1.000	532.63232422
-0.800	-0.500	-1.000	597.09240723
-0.700	-0.500	-1.000	678.69543457
-0.600	-0.500	-1.000	771.08770752
-0.500	-0.500	-1.000	865.64001465
-0.400	-0.500	-1.000	952.66296387
-0.300	-0.500	-1.000	1022.96447754
-0.200	-0.500	-1.000	1069.44201660
-0.100	-0.500	-1.000	1088.36059570
0.000	-0.500	-1.000	1080.02551270
0.100	-0.500	-1.000	1048.69616699
0.200	-0.500	-1.000	1001.76721191
0.300	-0.500	-1.000	948.40826416
0.400	-0.500	-1.000	897.94903564
0.500	-0.500	-1.000	858.32006836
0.600	-0.500	-1.000	834.81390381
0.700	-0.500	-1.000	829.35681152
0.800	-0.500	-1.000	840.39093018
0.900	-0.500	-1.000	863.36932373
1.000	-0.500	-1.000	891.76794434
-1.000	-0.400	-1.000	478.56195068
-0.900	-0.400	-1.000	520.87915039
-0.800	-0.400	-1.000	586.15802002
-0.700	-0.400	-1.000	672.13165283
-0.600	-0.400	-1.000	773.08453369
-0.500	-0.400	-1.000	880.32940674
-0.400	-0.400	-1.000	983.35687256
-0.300	-0.400	-1.000	1071.48510742
-0.200	-0.400	-1.000	1135.69299316
-0.100	-0.400	-1.000	1170.23864746
0.000	-0.400	-1.000	1173.69604492
0.100	-0.400	-1.000	1149.16870117
0.200	-0.400	-1.000	1103.63781738
0.300	-0.400	-1.000	1046.60498047
0.400	-0.400	-1.000	988.32904053
0.500	-0.400	-1.000	938.02307129
0.600	-0.400	-1.000	902.34698486
0.700	-0.400	-1.000	884.45416260
0.800	-0.400	-1.000	883.73046875
0.900	-0.400	-1.000	896.23687744
1.000	-0.400	-1.000	915.73901367
-1.000	-0.300	-1.000	478.68713379
-0.900	-0.300	-1.000	519.16430664
-0.800	-0.300	-1.000	584.68719482
-0.700	-0.300	-1.000	674.21478271
-0.600	-0.300	-1.000	782.83428955
-0.500	-0.300	-1.000	902.01464844
-0.400	-0.300	-1.000	1020.64367676
-0.300	-0.300	-1.000	1126.71264648
-0.200	-0.300	-1.000	1209.33593750
-0.100	-0.300	-1.000	1260.67651367
0.000	-0.300	-1.000	1277.34326172
0.100	-0.300	-1.000	1260.93811035
0.200	-0.300	-1.000	1217.63391113
0.300	-0.300	-1.000	1156.89599609
0.400	-0.300	-1.000	1089.64636230
0.500	-0.300	-1.000	1026.26940918
0.600	-0.300	-1.000	974.86236572
0.700	-0.300	-1.000	940.04724121
0.800	-0.300	-1.000	922.53088379
0.900	-0.300	-1.000	919.43841553
1.000	-0.300	-1.000	925.29290771
-1.000	-0.200	-1.000	488.18981934
-0.900	-0.200	-1.000	526.24426270
-0.800	-0.200	-1.000	591.02209473
-0.700	-0.200	-1.000	682.77966309
-0.600	-0.200	-1.000	797.57757568
-0.500	-0.200	-1.000	927.28851318
-0.400	-0.200	-1.000	1060.47387695
-0.300	-0.200	-1.000	1184.03759766
-0.200	-0.200	-1.000	1285.36547852
-0.100	-0.200	-1.000	1354.50866699
0.000	-0.200	-1.000	1385.92517090
0.100	-0.200	-1.000	1379.38537598
0.200	-0.200	-1.000	1339.84082031
0.300	-0.200	-1.000	1276.30871582
0.400	-0.200	-1.000	1200.04614258
0.500	-0.200	-1.000	1122.43286133
0.600	-0.200	-1.000	1053.01074219
0.700	-0.200	-1.000	998.05975342
0.800	-0.200	-1.000	959.94055176
0.900	-0.200	-1.000	937.25939941
1.000	-0.200	-1.000	925.73071289
-1.000	-0.100	-1.000	505.10488892
-0.900	-0.100	-1.000	539.92987061
-0.800	-0.100	-1.000	602.64477539
-0.700	-0.100	-1.000	694.84454346
-0.600	-0.100	-1.000	813.72723389
-0.500	-0.100	-1.000	951.84020996
-0.400	-0.100	-1.000	1097.74926758
-0.300	-0.100	-1.000	1237.59191895
-0.200	-0.100	-1.000	1357.26110840
-0.100	-0.100	-1.000	1444.78063965
0.000	-0.100	-1.000	1492.36206055
0.100	-0.100	-1.000	1497.67724609
0.200	-0.100	-1.000	1464.07104492
0.300	-0.100	-1.000	1399.68872070
0.400	-0.100	-1.000	1315.74951172
0.500	-0.100	-1.000	1224.37878418
0.600	-0.100	-1.000	1136.48168945
0.700	-0.100	-1.000	1060.08581543
0.800	-0.100	-1.000	999.43841553
0.900	-0.100	-1.000	954.94702148
1.000	-0.100	-1.000	923.86315918
-1.000	0.000	-1.000	527.07666016
-0.900	0.000	-1.000	557.78601074
-0.800	0.000	-1.000	616.90667725
-0.700	0.000	-1.000	707.36975098
-0.600	0.000	-1.000	827.65374756
-0.500	0.000	-1.000	971.26080322
-0.400	0.000	-1.000	1127.13647461
-0.300	0.000	-1.000	1281.05493164
-0.200	0.000	-1.000	1417.76245117
-0.100	0.000	-1.000	1523.47241211
0.000	0.000	-1.000	1588.18371582
0.100	0.000	-1.000	1607.31457520
0.200	0.000	-1.000	1582.29113770
0.300	0.000	-1.000	1519.98657227
0.400	0.000	-1.000	1431.17871094
0.500	0.000	-1.000	1328.41052246
0.600	0.000	-1.000	1223.75061035
0.700	0.000	-1.000	1126.92285156
0.800	0.000	-1.000	1044.14123535
0.900	0.000	-1.000	977.78851318
1.000	0.000	-1.000	926.86755371
-1.000	0.100	-1.000	552.13043213
-0.900	0.100	-1.000	577.86590576
-0.800	0.100	-1.000	631.73913574
-0.700	0.100	-1.000	717.96466064
-0.600	0.100	-1.000	836.41082764
-0.500	0.100	-1.000	981.80682373
-0.400	0.100	-1.000	1143.88244629
-0.300	0.100	-1.000	1308.52185059
-0.200	0.100	-1.000	1459.78527832
-0.100	0.100	-1.000	1582.43676758
0.000	0.100	-1.000	1664.45825195
0.100	0.100	-1.000	1699.00756836
0.200	0.100	-1.000	1685.39331055
0.300	0.100	-1.000	1628.87353516
0.400	0.100	-1.000	1539.36901855
0.500	0.100	-1.000	1429.43298340
0.600	0.100	-1.000	1311.96301270
0.700	0.100	-1.000	1198.15539551
0.800	0.100	-1.000	1096.08557129
0.900	0.100	-1.000	1010.10314941
1.000	0.100	-1.000	941.01934814
-1.000	0.200	-1.000	579.31121826
-0.900	0.200	-1.000	599.27441406
-0.800	0.200	-1.000	646.16760254
-0.700	0.200	-1.000	725.39093018
-0.600	0.200	-1.000	838.27069092
-0.500	0.200	-1.000	981.01110840
-0.400	0.200	-1.000	1144.53564453
-0.300	0.200	-1.000	1315.35852051
-0.200	0.200	-1.000	1477.40917969
-0.100	0.200	-1.000	1614.50231934
0.000	0.200	-1.000	1712.96374512
0.100	0.200	-1.000	1763.85327148
0.200	0.200	-1.000	1764.30322266
0.300	0.200	-1.000	1717.69689941
0.400	0.200	-1.000	1632.69506836
0.500	0.200	-1.000	1521.38806152
0.600	0.200	-1.000	1397.03686523
0.700	0.200	-1.000	1271.90979004
0.800	0.200	-1.000	1155.64025879
0.900	0.200	-1.000	1054.34533691
1.000	0.200	-1.000	970.53717041
-1.000	0.300	-1.000	608.95855713
-0.900	0.300	-1.000	622.37414551
-0.800	0.300	-1.000	660.48571777
-0.700	0.300	-1.000	729.75036621
-0.600	0.300	-1.000	832.98046875
-0.500	0.300	-1.000	968.06225586
-0.400	0.300	-1.000	1127.49645996
-0.300	0.300	-1.000	1298.95507812
-0.200	0.300	-1.000	1466.84472656
-0.100	0.300	-1.000	1614.63366699
0.000	0.300	-1.000	1727.49548340
0.100	0.300	-1.000	1794.71423340
0.200	0.300	-1.000	1811.33544922
0.300	0.300	-1.000	1778.71435547
0.400	0.300	-1.000	1703.88916016
0.500	0.300	-1.000	1597.98352051
0.600	0.300	-1.000	1474.05554199
0.700	0.300	-1.000	1344.89453125
0.800	0.300	-1.000	1221.21276855
0.900	0.300	-1.000	1110.52075195
1.000	0.300	-1.000	1016.77343750
-1.000	0.400	-1.000	642.47485352
-0.900	0.400	-1.000	648.53387451
-0.800	0.400	-1.000	676.01953125
-0.700	0.400	-1.000	732.31103516
-0.600	0.400	-1.000	821.69848633
-0.500	0.400	-1.000	943.90112305
-0.400	0.400	-1.000	1093.31970215
-0.300	0.400	-1.000	1259.26696777
-0.200	0.400	-1.000	1427.22705078
-0.100	0.400	-1.000	1580.96557617
0.000	0.400	-1.000	1705.09692383
0.100	0.400	-1.000	1787.57751465
0.200	0.400	-1.000	1821.59130859
0.300	0.400	-1.000	1806.43115234
0.400	0.400	-1.000	1747.22717285
0.500	0.400	-1.000	1653.65026855
0.600	0.400	-1.000	1537.94848633
0.700	0.400	-1.000	1412.78918457
0.800	0.400	-1.000	1289.36230469
0.900	0.400	-1.000	1176.06750488
1.000	0.400	-1.000	1077.92797852
-1.000	0.500	-1.000	681.60467529
-0.900	0.500	-1.000	679.45428467
-0.800	0.500	-1.000	694.52923584
-0.700	0.500	-1.000	735.01037598
-0.600	0.500	-1.000	806.62847900
-0.500	0.500	-1.000	911.01568604
-0.400	0.500	-1.000	1044.69909668
-0.300	0.500	-1.000	1199.01477051
-0.200	0.500	-1.000	1361.04479980
-0.100	0.500	-1.000	1515.45874023
0.000	0.500	-1.000	1646.92211914
0.100	0.500	-1.000	1742.57958984
0.200	0.500	-1.000	1794.08557129
0.300	0.500	-1.000	1798.75756836
0.400	0.500	-1.000	1759.64270020
0.500	0.500	-1.000	1684.55249023
0.600	0.500	-1.000	1584.35290527
0.700	0.500	-1.000	1470.93835449
0.800	0.500	-1.000	1355.33068848
0.900	0.500	-1.000	1246.25048828
1.000	0.500	-1.000	1149.34790039
-1.000	0.600	-1.000	727.43206787
-0.900	0.600	-1.000	716.26562500
-0.800	0.600	-1.000	717.41632080
-0.700	0.600	-1.000	739.77435303
-0.600	0.600	-1.000	790.44628906
-0.500	0.600	-1.000	872.97460938
-0.400	0.600	-1.000	986.11187744
-0.300	0.600	-1.000	1123.44958496
-0.200	0.600	-1.000	1274.04211426
-0.100	0.600	-1.000	1423.95434570
0.000	0.600	-1.000	1558.45104980
0.100	0.600	-1.000	1664.38366699
0.200	0.600	-1.000	1732.27368164
0.300	0.600	-1.000	1757.66210938
0.400	0.600	-1.000	1741.47521973
0.500	0.600	-1.000	1689.39526367
0.600	0.600	-1.000	1610.45031738
0.700	0.600	-1.000	1515.19250488
0.800	0.600	-1.000	1413.87524414
0.900	0.600	-1.000	1314.98449707
1.000	0.600	-1.000	1224.34729004
-1.000	0.700	-1.000	779.44207764
-0.900	0.700	-1.000	758.70538330
-0.800	0.700	-1.000	745.00244141
-0.700	0.700	-1.000	747.86651611
-0.600	0.700	-1.000	775.68341064
-0.500	0.700	-1.000	833.81109619
-0.400	0.700	-1.000	923.18084717
-0.300	0.700	-1.000	1039.68945312
-0.200	0.700	-1.000	1174.54418945
-0.100	0.700	-1.000	1315.52160645
0.000	0.700	-1.000	1448.90612793
0.100	0.700	-1.000	1561.71508789
0.200	0.700	-1.000	1643.75207520
0.300	0.700	-1.000	1689.07299805
0.400	0.700	-1.000	1696.59326172
0.500	0.700	-1.000	1669.77453613
0.600	0.700	-1.000	1615.53222656
0.700	0.700	-1.000	1542.66748047
0.800	0.700	-1.000	1460.19128418
0.900	0.700	-1.000	1375.88635254
1.000	0.700	-1.000	1295.35607910
-1.000	0.800	-1.000	835.01879883
-0.900	0.800	-1.000	804.69854736
-0.800	0.800	-1.000	776.15167236
-0.700	0.800	-1.000	759.49627686
-0.600	0.800	-1.000	764.25866699
-0.500	0.800	-1.000	797.42089844
-0.400	0.800	-1.000	861.89770508
-0.300	0.800	-1.000	955.75244141
-0.200	0.800	-1.000	1072.31640625
-0.100	0.800	-1.000	1201.19079590
0.000	0.800	-1.000	1329.93298340
0.100	0.800	-1.000	1446.08215332
0.200	0.800	-1.000	1539.11865234
0.300	0.800	-1.000	1601.96899414
0.400	0.800	-1.000	1631.78881836
0.500	0.800	-1.000	1629.92028809
0.600	0.800	-1.000	1601.10791016
0.700	0.800	-1.000	1552.20422363
0.800	0.800	-1.000	1490.68701172
0.900	0.800	-1.000	1423.30895996
1.000	0.800	-1.000	1355.14331055
-1.000	0.900	-1.000	889.63037109
-0.900	0.900	-1.000	850.55139160
-0.800	0.900	-1.000	808.41400146
-0.700	0.900	-1.000	773.84222412
-0.600	0.900	-1.000	757.30847168
-0.500	0.900	-1.000	767.13385010
-0.400	0.900	-1.000	807.88946533
-0.300	0.900	-1.000	879.49920654
-0.200	0.900	-1.000	977.19891357
-0.100	0.900	-1.000	1092.33410645
0.000	0.900	-1.000	1213.81689453
0.100	0.900	-1.000	1329.94482422
0.200	0.900	-1.000	1430.22082520
0.300	0.900	-1.000	1506.83471680
0.400	0.900	-1.000	1555.54809570
0.500	0.900	-1.000	1575.86340332
0.600	0.900	-1.000	1570.50939941
0.700	0.900	-1.000	1544.41418457
0.800	0.900	-1.000	1503.43444824
0.900	0.900	-1.000	1453.13342285
1.000	0.900	-1.000	1397.86889648
-1.000	1.000	-1.000	937.71600342
-0.900	1.000	-1.000	891.75665283
-0.800	1.000	-1.000	838.68310547
-0.700	1.000	-1.000	789.49511719
-0.600	1.000	-1.000	755.35107422
-0.500	1.000	-1.000	745.54547119
-0.400	1.000	-1.000	765.87866211
-0.300	1.000	-1.000	817.70788574
-0.200	1.000	-1.000	897.81420898
-0.100	1.000	-1.000	999.05609131
0.000	1.000	-1.000	1111.64221191
0.100	1.000	-1.000	1224.75366211
0.200	1.000	-1.000	1328.20556641
0.300	1.000	-1.000	1413.85253906
0.400	1.000	-1.000	1476.50671387
0.500	1.000	-1.000	1514.24682617
0.600	1.000	-1.000	1528.11694336
0.700	1.000	-1.000	1521.33642578
0.800	1.000	-1.000	1498.23840332
0.900	1.000	-1.000	1463.19580078
1.000	1.000	-1.000	1419.78735352
-1.000	-1.000	-0.500	632.06036377
-0.900	-1.000	-0.500	686.90368652
-0.800	-1.000	-0.500	748.00537109
-0.700	-1.000	-0.500	807.91705322
-0.600	-1.000	-0.500	859.03448486
-0.500	-1.000	-0.500	894.80566406
-0.400	-1.000	-0.500	910.76831055
-0.300	-1.000	-0.500	905.21130371
-0.200	-1.000	-0.500	879.33245850
-0.100	-1.000	-0.500	836.87255859
0.000	-1.000	-0.500	783.32824707
0.100	-1.000	-0.500	724.94311523
0.200	-1.000	-0.500	667.71520996
0.300	-1.000	-0.500	616.62426758
0.400	-1.000	-0.500	575.18365479
0.500	-1.000	-0.500	545.30639648
0.600	-1.000	-0.500	527.39251709
0.700	-1.000	-0.500	520.52886963
0.800	-1.000	-0.500	522.73822021
0.900	-1.000	-0.500	531.27606201
1.000	-1.000	-0.500	543.01239014
-1.000	-0.900	-0.500	601.53094482
-0.900	-0.900	-0.500	654.19158936
-0.800	-0.900	-0.500	715.86907959
-0.700	-0.900	-0.500	779.66009521
-0.600	-0.900	-0.500	838.00317383
-0.500	-0.900	-0.500	883.83776855
-0.400	-0.900	-0.500	911.71563721
-0.300	-0.900	-0.500	918.64916992
-0.200	-0.900	-0.500	904.52612305
-0.100	-0.900	-0.500	872.01104736
0.000	-0.900	-0.500	825.97113037
0.100	-0.900	-0.500	772.57629395
0.200	-0.900	-0.500	718.28839111
0.300	-0.900	-0.500	668.95166016
0.400	-0.900	-0.500	629.12512207
0.500	-0.900	-0.500	601.69854736
0.600	-0.900	-0.500	587.75689697
0.700	-0.900	-0.500	586.63037109
0.800	-0.900	-0.500	596.09460449
0.900	-0.900	-0.500	612.72558594
1.000	-0.900	-0.500	632.42456055
-1.000	-0.800	-0.500	568.43707275
-0.900	-0.800	-0.500	618.54632568
-0.800	-0.800	-0.500	680.63995361
-0.700	-0.800	-0.500	748.50885010
-0.600	-0.800	-0.500	814.72229004
-0.500	-0.800	-0.500	871.71166992
-0.400	-0.800	-0.500	912.94799805
-0.300	-0.800	-0.500	933.98992920
-0.200	-0.800	-0.500	933.18884277
-0.100	-0.800	-0.500	911.90325928
0.000	-0.800	-0.500	874.18481445
0.100	-0.800	-0.500	826.02252197
0.200	-0.800	-0.500	774.32958984
0.300	-0.800	-0.500	725.88824463
0.400	-0.800	-0.500	686.43615723
0.500	-0.800	-0.500	659.99768066
0.600	-0.800	-0.500	648.49243164
0.700	-0.800	-0.500	651.61499023
0.800	-0.800	-0.500	666.97937012
0.900	-0.800	-0.500	690.53491211
1.000	-0.800	-0.500	717.24249268
-1.000	-0.700	-0.500	536.24047852
-0.900	-0.700	-0.500	583.91772461
-0.800	-0.700	-0.500	646.57409668
-0.700	-0.700	-0.500	718.82507324
-0.600	-0.700	-0.500	793.47509766
-0.500	-0.700	-0.500	862.49566650
-0.400	-0.700	-0.500	918.24865723
-0.300	-0.700	-0.500	954.72912598
-0.200	-0.700	-0.500	968.57629395
-0.100	-0.700	-0.500	959.63226318
0.000	-0.700	-0.500	930.92901611
0.100	-0.700	-0.500	888.11584473
0.200	-0.700	-0.500	838.46978760
0.300	-0.700	-0.500	789.70465088
0.400	-0.700	-0.500	748.80242920
0.500	-0.700	-0.500	721.04071045
0.600	-0.700	-0.500	709.32403564
0.700	-0.700	-0.500	713.87438965
0.800	-0.700	-0.500	732.30877686
0.900	-0.700	-0.500	760.10784912
1.000	-0.700	-0.500	791.43530273
-1.000	-0.600	-0.500	508.61776733
-0.900	-0.600	-0.500	554.23583984
-0.800	-0.600	-0.500	617.71856689
-0.700	-0.600	-0.500	694.61993408
-0.600	-0.600	-0.500	778.09820557
-0.500	-0.600	-0.500	859.75750732
-0.400	-0.600	-0.500	930.88562012
-0.300	-0.600	-0.500	983.87194824
-0.200	-0.600	-0.500	1013.51989746
-0.100	-0.600	-0.500	1017.96600342
0.000	-0.600	-0.500	998.99908447
0.100	-0.600	-0.500	961.71148682
0.200	-0.600	-0.500	913.57025146
0.300	-0.600	-0.500	863.11840820
0.400	-0.600	-0.500	818.56481934
0.500	-0.600	-0.500	786.50830078
0.600	-0.600	-0.500	770.98199463
0.700	-0.600	-0.500	772.94042969
0.800	-0.600	-0.500	790.25213623
0.900	-0.600	-0.500	818.19891357
1.000	-0.600	-0.500	850.41381836
-1.000	-0.500	-0.500	488.71987915
-0.900	-0.500	-0.500	532.63232422
-0.800	-0.500	-0.500	597.09240723
-0.700	-0.500	-0.500	678.69543457
-0.600	-0.500	-0.500	771.08770752
-0.500	-0.500	-0.500	865.64001465
-0.400	-0.500	-0.500	952.66296387
-0.300	-0.500	-0.500	1022.96447754
-0.200	-0.500	-0.500	1069.44201660
-0.100	-0.500	-0.500	1088.36059570
0.000	-0.500	-0.500	1080.02551270
0.100	-0.500	-0.500	1048.69616699
0.200	-0.500	-0.500	1001.76721191
0.300	-0.500	-0.500	948.40826416
0.400	-0.500	-0.500	897.94903564
0.500	-0.500	-0.500	858.32006836
0.600	-0.500	-0.500	834.81390381
0.700	-0.500	-0.500	829.35681152
0.800	-0.500	-0.500	840.39093018
0.900	-0.500	-0.500	863.36932373
1.000	-0.500	-0.500	891.76794434
-1.000	-0.400	-0.500	478.56195068
-0.900	-0.400	-0.500	520.87915039
-0.800	-0.400	-0.500	586.15802002
-0.700	-0.400	-0.500	672.13165283
-0.600	-0.400	-0.500	773.08453369
-0.500	-0.400	-0.500	880.32940674
-0.400	-0.400	-0.500	983.35687256
-0.300	-0.400	-0.500	1071.48510742
-0.200	-0.400	-0.500	1135.69299316
-0.100	-0.400	-0.500	1170.23864746
0.000	-0.400	-0.500	1173.69604492
0.100	-0.400	-0.500	1149.16870117
0.200	-0.400	-0.500	1103.63781738
0.300	-0.400	-0.500	1046.60498047
0.400	-0.400	-0.500	988.32904053
0.500	-0.400	-0.500	938.02307129
0.600	-0.400	-0.500	902.34698486
0.700	-0.400	-0.500	884.45416260
0.800	-0.400	-0.500	883.73046875
0.900	-0.400	-0.500	896.23687744
1.000	-0.400	-0.500	915.73901367
-1.000	-0.300	-0.500	478.68713379
-0.900	-0.300	-0.500	519.16430664
-0.800	-0.300	-0.500	584.68719482
-0.700	-0.300	-0.500	674.21478271
-0.600	-0.300	-0.500	782.83428955
-0.500	-0.300	-0.500	902.01464844
-0.400	-0.300	-0.500	1020.64367676
-0.300	-0.300	-0.500	1126.71264648
-0.200	-0.300	-0.500	1209.33593750
-0.100	-0.300	-0.500	1260.67651367
0.000	-0.300	-0.500	1277.34326172
0.100	-0.300	-0.500	1260.93811035
0.200	-0.300	-0.500	1217.63391113
0.300	-0.300	-0.500	1156.89599609
0.400	-0.300	-0.500	1089.64636230
0.500	-0.300	-0.500	1026.26940918
0.600	-0.300	-0.500	974.86236572
0.700	-0.300	-0.500	940.04724121
0.800	-0.300	-0.500	922.53088379
0.900	-0.300	-0.500	919.43841553
1.000	-0.300	-0.500	925.29290771
-1.000	-0.200	-0.500	488.18981934
-0.900	-0.200	-0.500	526.24426270
-0.800	-0.200	-0.500	591.02209473
-0.700	-0.200	-0.500	682.77966309
-0.600	-0.200	-0.500	797.57757568
-0.500	-0.200	-0.500	927.28851318
-0.400	-0.200	-0.500	1060.47387695
-0.300	-0.200	-0.500	1184.03759766
-0.200	-0.200	-0.500	1285.36547852
-0.100	-0.200	-0.500	1354.50866699
0.000	-0.200	-0.500	1385.92517090
0.100	-0.200	-0.500	1379.38537598
0.200	-0.200	-0.500	1339.84082031
0.300	-0.200	-0.500	1276.30871582
0.400	-0.200	-0.500	1200.04614258
0.500	-0.200	-0.500	1122.43286133
0.600	-0.200	-0.500	1053.01074219
0.700	-0.200	-0.500	998.05975342
0.800	-0.200	-0.500	959.94055176
0.900	-0.200	-0.500	937.25939941
1.000	-0.200	-0.500	925.73071289
-1.000	-0.100	-0.500	505.10488892
-0.900	-0.100	-0.500	539.92987061
-0.800	-0.100	-0.500	602.64477539
-0.700	-0.100	-0.500	694.84454346
-0.600	-0.100	-0.500	813.72723389
-0.500	-0.100	-0.500	951.84020996
-0.400	-0.100	-0.500	1097.74926758
-0.300	-0.100	-0.500	1237.59191895
-0.200	-0.100	-0.500	1357.26110840
-0.100	-0.100	-0.500	1444.78063965
0.000	-0.100	-0.500	1492.36206055
0.100	-0.100	-0.500	1497.67724609
0.200	-0.100	-0.500	1464.07104492
0.300	-0.100	-0.500	1399.68872070
0.400	-0.100	-0.500	1315.74951172
0.500	-0.100	-0.500	1224.37878418
0.600	-0.100	-0.500	1136.48168945
0.700	-0.100	-0.500	1060.08581543
0.800	-0.100	-0.500	999.43841553
0.900	-0.100	-0.500	954.94702148
1.000	-0.100	-0.500	923.86315918
-1.000	0.000	-0.500	527.07666016
-0.900	0.000	-0.500	557.78601074
-0.800	0.000	-0.500	616.90667725
-0.700	0.000	-0.500	707.36975098
-0.600	0.000	-0.500	827.65374756
-0.500	0.000	-0.500	971.26080322
-0.400	0.000	-0.500	1127.13647461
-0.300	0.000	-0.500	1281.05493164
-0.200	0.000	-0.500	1417.76245117
-0.100	0.000	-0.500	1523.47241211
0.000	0.000	-0.500	1588.18371582
0.100	0.000	-0.500	1607.31457520
0.200	0.000	-0.500	1582.29113770
0.300	0.000	-0.500	1519.98657227
0.400	0.000	-0.500	1431.17871094
0.500	0.000	-0.500	1328.41052246
0.600	0.000	-0.500	1223.75061035
0.700	0.000	-0.500	1126.92285156
0.800	0.000	-0.500	1044.14123535
0.900	0.000	-0.500	977.78851318
1.000	0.000	-0.500	926.86755371
-1.000	0.100	-0.500	552.13043213
-0.900	0.100	-0.500	577.86590576
-0.800	0.100	-0.500	631.73913574
-0.700	0.100	-0.500	717.96466064
-0.600	0.100	-0.500	836.41082764
-0.500	0.100	-0.500	981.80682373
-0.400	0.100	-0.500	1143.88244629
-0.300	0.100	-0.500	1308.52185059
-0.200	0.100	-0.500	1459.78527832
-0.100	0.100	-0.500	1582.43676758
0.000	0.100	-0.500	1664.45825195
0.100	0.100	-0.500	1699.00756836
0.200	0.100	-0.500	1685.39331055
0.300	0.100	-0.500	1628.87353516
0.400	0.100	-0.500	1539.36901855
0.500	0.100	-0.500	1429.43298340
0.600	0.100	-0.500	1311.96301270
0.700	0.100	-0.500	1198.15539551
0.800	0.100	-0.500	1096.08557129
0.900	0.100	-0.500	1010.10314941
1.000	0.100	-0.500	941.01934814
-1.000	0.200	-0.500	579.31121826
-0.900	0.200	-0.500	599.27441406
-0.800	0.200	-0.500	646.16760254
-0.700	0.200	-0.500	725.39093018
-0.600	0.200	-0.500	838.27069092
-0.500	0.200	-0.500	981.01110840
-0.400	0.200	-0.500	1144.53564453
-0.300	0.200	-0.500	1315.35852051
-0.200	0.200	-0.500	1477.40917969
-0.100	0.200	-0.500	1614.50231934
0.000	0.200	-0.500	1712.96374512
0.100	0.200	-0.500	1763.85327148
0.200	0.200	-0.500	1764.30322266
0.300	0.200	-0.500	1717.69689941
0.400	0.200	-0.500	1632.69506836
0.500	0.200	-0.500	1521.38806152
0.600	0.200	-0.500	1397.03686523
0.700	0.200	-0.500	1271.90979004
0.800	0.200	-0.500	1155.64025879
0.900	0.200	-0.500	1054.34533691
1.000	0.200	-0.500	970.53717041
-1.000	0.300	-0.500	608.95855713
-0.900	0.300	-0.500	622.37414551
-0.800	0.300	-0.500	660.48571777
-0.700	0.300	-0.500	729.75036621
-0.600	0.300	-0.500	832.98046875
-0.500	0.300	-0.500	968.06225586
-0.400	0.300	-0.500	1127.49645996
-0.300	0.300	-0.500	1298.95507812
-0.200	0.300	-0.500	1466.84472656
-0.100	0.300	-0.500	1614.63366699
0.000	0.300	-0.500	1727.49548340
0.100	0.300	-0.500	1794.71423340
0.200	0.300	-0.500	1811.33544922
0.300	0.300	-0.500	1778.71435547
0.400	0.300	-0.500	1703.88916016
0.500	0.300	-0.500	1597.98352051
0.600	0.300	-0.500	1474.05554199
0.700	0.300	-0.500	1344.89453125
0.800	0.300	-0.500	1221.21276855
0.900	0.300	-0.500	1110.52075195
1.000	0.300	-0.500	1016.77343750
-1.000	0.400	-0.500	642.47485352
-0.900	0.400	-0.500	648.53387451
-0.800	0.400	-0.500	676.01953125
-0.700	0.400	-0.500	732.31103516
-0.600	0.400	-0.500	821.69848633
-0.500	0.400	-0.500	943.90112305
-0.400	0.400	-0.500	1093.31970215
-0.300	0.400	-0.500	1259.26696777
-0.200	0.400	-0.500	1427.22705078
-0.100	0.400	-0.500	1580.96557617
0.000	0.400	-0.500	1705.09692383
0.100	0.400	-0.500	1787.57751465
0.200	0.400	-0.500	1821.59130859
0.300	0.400	-0.500	1806.43115234
0.400	0.400	-0.500	1747.22717285
0.500	0.400	-0.500	1653.65026855
0.600	0.400	-0.500	1537.94848633
0.700	0.400	-0.500	1412.78918457
0.800	0.400	-0.500	1289.36230469
0.900	0.400	-0.500	1176.06750488
1.000	0.400	-0.500	1077.92797852
-1.000	0.500	-0.500	681.60467529
-0.900	0.500	-0.500	679.45428467
-0.800	0.500	-0.500	694.52923584
-0.700	0.500	-0.500	735.01037598
-0.600	0.500	-0.500	806.62847900
-0.500	0.500	-0.500	911.01568604
-0.400	0.500	-0.500	1044.69909668
-0.300	0.500	-0.500	1199.01477051
-0.200	0.500	-0.500	1361.04479980
-0.100	0.500	-0.500	1515.45874023
0.000	0.500	-0.500	1646.92211914
0.100	0.500	-0.500	1742.57958984
0.200	0.500	-0.500	1794.08557129
0.300	0.500	-0.500	1798.75756836
0.400	0.500	-0.500	1759.64270020
0.500	0.500	-0.500	1684.55249023
0.600	0.500	-0.500	1584.35290527
0.700	0.500	-0.500	1470.93835449
0.800	0.500	-0.500	1355.33068848
0.900	0.500	-0.500	1246.25048828
1.000	0.500	-0.500	1149.34790039
-1.000	0.600	-0.500	727.43206787
-0.900	0.600	-0.500	716.26562500
-0.800	0.600	-0.500	717.41632080
-0.700	0.600	-0.500	739.77435303
-0.600	0.600	-0.500	790.44628906
-0.500	0.600	-0.500	872.97460938
-0.400	0.600	-0.500	986.11187744
-0.300	0.600	-0.500	1123.44958496
-0.200	0.600	-0.500	1274.04211426
-0.100	0.600	-0.500	1423.95434570
0.000	0.600	-0.500	1558.45104980
0.100	0.600	-0.500	1664.38366699
0.200	0.600	-0.500	1732.27368164
0.300	0.600	-0.500	1757.66210938
0.400	0.600	-0.500	1741.47521973
0.500	0.600	-0.500	1689.39526367
0.600	0.600	-0.500	1610.45031738
0.700	0.600	-0.500	1515.19250488
0.800	0.600	-0.500	1413.87524414
0.900	0.600	-0.500	1314.98449707
1.000	0.600	-0.500	1224.34729004
-1.000	0.700	-0.500	779.44207764
-0.900	0.700	-0.500	758.70538330
-0.800	0.700	-0.500	745.00244141
-0.700	0.700	-0.500	747.86651611
-0.600	0.700	-0.500	775.68341064
-0.500	0.700	-0.500	833.81109619
-0.400	0.700	-0.500	923.18084717
-0.300	0.700	-0.500	1039.68945312
-0.200	0.700	-0.500	1174.54418945
-0.100	0.700	-0.500	1315.52160645
0.000	0.700	-0.500	1448.90612793
0.100	0.700	-0.500	1561.71508789
0.200	0.700	-0.500	1643.75207520
0.300	0.700	-0.500	1689.07299805
0.400	0.700	-0.500	1696.59326172
0.500	0.700	-0.500	1669.77453613
0.600	0.700	-0.500	1615.53222656
0.700	0.700	-0.500	1542.66748047
0.800	0.700	-0.500	1460.19128418
0.900	0.700	-0.500	1375.88635254
1.000	0.700	-0.500	1295.35607910
-1.000	0.800	-0.500	835.01879883
-0.900	0.800	-0.500	804.69854736
-0.800	0.800	-0.500	776.15167236
-0.700	0.800	-0.500	759.49627686
-0.600	0.800	-0.500	764.25866699
-0.500	0.800	-0.500	797.42089844
-0.400	0.800	-0.500	861.89770508
-0.300	0.800	-0.500	955.75244141
-0.200	0.800	-0.500	1072.31640625
-0.100	0.800	-0.500	1201.19079590
0.000	0.800	-0.500	1329.93298340
0.100	0.800	-0.500	1446.08215332
0.200	0.800	-0.500	1539.11865234
0.300	0.800	-0.500	1601.96899414
0.400	0.800	-0.500	1631.78881836
0.500	0.800	-0.500	1629.92028809
0.600	0.800	-0.500	1601.10791016
0.700	0.800	-0.500	1552.20422363
0.800	0.800	-0.500	1490.68701172
0.900	0.800	-0.500	1423.30895996
1.000	0.800	-0.500	1355.14331055
-1.000	0.900	-0.500	889.63037109
-0.900	0.900	-0.500	850.55139160
-0.800	0.900	-0.500	808.41400146
-0.700	0.900	-0.500	773.84222412
-0.600	0.900	-0.500	757.30847168
-0.500	0.900	-0.500	767.13385010
-0.400	0.900	-0.500	807.88946533
-0.300	0.900	-0.500	879.49920654
-0.200	0.900	-0.500	977.19891357
-0.100	0.900	-0.500	1092.33410645
0.000	0.900	-0.500	1213.81689453
0.100	0.900	-0.500	1329.94482422
0.200	0.900	-0.500	1430.22082520
0.300	0.900	-0.500	1506.83471680
0.400	0.900	-0.500	1555.54809570
0.500	0.900	-0.500	1575.86340332
0.600	0.900	-0.500	1570.50939941
0.700	0.900	-0.500	1544.41418457
0.800	0.900	-0.500	1503.43444824
0.900	0.900	-0.500	1453.13342285
1.000	0.900	-0.500	1397.86889648
-1.000	1.000	-0.500	937.71600342
-0.900	1.000	-0.500	891.75665283
-0.800	1.000	-0.500	838.68310547
-0.700	1.000	-0.500	789.49511719
-0.600	1.000	-0.500	755.35107422
-0.500	1.000	-0.500	745.54547119
-0.400	1.000	-0.500	765.87866211
-0.300	1.000	-0.500	817.70788574
-0.200	1.000	-0.500	897.81420898
-0.100	1.000	-0.500	999.05609131
0.000	1.000	-0.500	1111.64221191
0.100	1.000	-0.500	1224.75366211
0.200	1.000	-0.500	1328.20556641
0.300	1.000	-0.500	1413.85253906
0.400	1.000	-0.500	1476.50671387
0.500	1.000	-0.500	1514.24682617
0.600	1.000	-0.500	1528.11694336
0.700	1.000	-0.500	1521.33642578
0.800	1.000	-0.500	1498.23840332
0.900	1.000	-0.500	1463.19580078
1.000	1.000	-0.500	1419.78735352
-1.000	-1.000	0.000	632.06036377
-0.900	-1.000	0.000	686.90368652
-0.800	-1.000	0.000	748.00537109
-0.700	-1.000	0.000	807.91705322
-0.600	-1.000	0.000	859.03448486
-0.500	-1.000	0.000	894.80566406
-0.400	-1.000	0.000	910.76831055
-0.300	-1.000	0.000	905.21130371
-0.200	-1.000	0.000	879.33245850
-0.100	-1.000	0.000	836.87255859
0.000	-1.000	0.000	783.32824707
0.100	-1.000	0.000	724.94311523
0.200	-1.000	0.000	667.71520996
0.300	-1.000	0.000	616.62426758
0.400	-1.000	0.000	575.18365479
0.500	-1.000	0.000	545.30639648
0.600	-1.000	0.000	527.39251709
0.700	-1.000	0.000	520.52886963
0.800	-1.000	0.000	522.73822021
0.900	-1.000	0.000	531.27606201
1.000	-1.000	0.000	543.01239014
-1.000	-0.900	0.000	601.53094482
-0.900	-0.900	0.000	654.19158936
-0.800	-0.900	0.000	715.86907959
-0.700	-0.900	0.000	779.66009521
-0.600	-0.900	0.000	838.00317383
-0.500	-0.900	0.000	883.83776855
-0.400	-0.900	0.000	911.71563721
-0.300	-0.900	0.000	918.64916992
-0.200	-0.900	0.000	904.52612305
-0.100	-0.900	0.000	872.01104736
0.000	-0.900	0.000	825.97113037
0.100	-0.900	0.000	772.57629395
0.200	-0.900	0.000	718.28839111
0.300	-0.900	0.000	668.95166016
0.400	-0.900	0.000	629.12512207
0.500	-0.900	0.000	601.69854736
0.600	-0.900	0.000	587.75689697
0.700	-0.900	0.000	586.63037109
0.800	-0.900	0.000	596.09460449
0.900	-0.900	0.000	612.72558594
1.000	-0.900	0.000	632.42456055
-1.000	-0.800	0.000	568.43707275
-0.900	-0.800	0.000	618.54632568
-0.800	-0.800	0.000	680.63995361
-0.700	-0.800	0.000	748.50885010
-0.600	-0.800	0.000	814.72229004
-0.500	-0.800	0.000	871.71166992
-0.400	-0.800	0.000	912.94799805
-0.300	-0.800	0.000	933.98992920
-0.200	-0.800	0.000	933.18884277
-0.100	-0.800	0.000	911.90325928
0.000	-0.800	0.000	874.18481445
0.100	-0.800	0.000	826.02252197
0.200	-0.800	0.000	774.32958984
0.300	-0.800	0.000	725.88824463
0.400	-0.800	0.000	686.43615723
0.500	-0.800	0.000	659.99768066
0.600	-0.800	0.000	648.49243164
0.700	-0.800	0.000	651.61499023
0.800	-0.800	0.000	666.97937012
0.900	-0.800	0.000	690.53491211
1.000	-0.800	0.000	717.24249268
-1.000	-0.700	0.000	536.24047852
-0.900	-0.700	0.000	583.91772461
-0.800	-0.700	0.000	646.57409668
-0.700	-0.700	0.000	718.82507324
-0.600	-0.700	0.000	793.47509766
-0.500	-0.700	0.000	862.49566650
-0.400	-0.700	0.000	918.24865723
-0.300	-0.700	0.000	954.72912598
-0.200	-0.700	0.000	968.57629395
-0.100	-0.700	0.000	959.63226318
0.000	-0.700	0.000	930.92901611
0.100	-0.700	0.000	888.11584473
0.200	-0.700	0.000	838.46978760
0.300	-0.700	0.000	789.70465088
0.400	-0.700	0.000	748.80242920
0.500	-0.700	0.000	721.04071045
0.600	-0.700	0.000	709.32403564
0.700	-0.700	0.000	713.87438965
0.800	-0.700	0.000	732.30877686
0.900	-0.700	0.000	760.10784912
1.000	-0.700	0.000	791.43530273
-1.000	-0.600	0.000	508.61776733
-0.900	-0.600	0.000	554.23583984
-0.800	-0.600	0.000	617.71856689
-0.700	-0.600	0.000	694.61993408
-0.600	-0.600	0.000	778.09820557
-0.500	-0.600	0.000	859.75750732
-0.400	-0.600	0.000	930.88562012
-0.300	-0.600	0.000	983.87194824
-0.200	-0.600	0.000	1013.51989746
-0.100	-0.600	0.000	1017.96600342
0.000	-0.600	0.000	998.99908447
0.100	-0.600	0.000	961.71148682
0.200	-0.600	0.000	913.57025146
0.300	-0.600	0.000	863.11840820
0.400	-0.600	0.000	818.56481934
0.500	-0.600	0.000	786.50830078
0.600	-0.600	0.000	770.98199463
0.700	-0.600	0.000	772.94042969
0.800	-0.600	0.000	790.25213623
0.900	-0.600	0.000	818.19891357
1.000	-0.600	0.000	850.41381836
-1.000	-0.500	0.000	488.71987915
-0.900	-0.500	0.000	532.63232422
-0.800	-0.500	0.000	597.09240723
-0.700	-0.500	0.000	678.69543457
-0.600	-0.500	0.000	771.08770752
-0.500	-0.500	0.000	865.64001465
-0.400	-0.500	0.000	952.66296387
-0.300	-0.500	0.000	1022.96447754
-0.200	-0.500	0.000	1069.44201660
-0.100	-0.500	0.000	1088.36059570
0.000	-0.500	0.000	1080.02551270
0.100	-0.500	0.000	1048.69616699
0.200	-0.500	0.000	1001.76721191
0.300	-0.500	0.000	948.40826416
0.400	-0.500	0.000	897.94903564
0.500	-0.500	0.000	858.32006836
0.600	-0.500	0.000	834.81390381
0.700	-0.500	0.000	829.35681152
0.800	-0.500	0.000	840.39093018
0.900	-0.500	0.000	863.36932373
1.000	-0.500	0.000	891.76794434
-1.000	-0.400	0.000	478.56195068
-0.900	-0.400	0.000	520.87915039
-0.800	-0.400	0.000	586.15802002
-0.700	-0.400	0.000	672.13165283
-0.600	-0.400	0.000	773.08453369
-0.500	-0.400	0.000	880.32940674
-0.400	-0.400	0.000	983.35687256
-0.300	-0.400	0.000	1071.48510742
-0.200	-0.400	0.000	1135.69299316
-0.100	-0.400	0.000	1170.23864746
0.000	-0.400	0.000	1173.69604492
0.100	-0.400	0.000	1149.16870117
0.200	-0.400	0.000	1103.63781738
0.300	-0.400	0.000	1046.60498047
0.400	-0.400	0.000	988.32904053
0.500	-0.400	0.000	938.02307129
0.600	-0.400	0.000	902.34698486
0.700	-0.400	0.000	884.45416260
0.800	-0.400	0.000	883.73046875
0.900	-0.400	0.000	896.23687744
1.000	-0.400	0.000	915.73901367
-1.000	-0.300	0.000	478.68713379
-0.900	-0.300	0.000	519.16430664
-0.800	-0.300	0.000	584.68719482
-0.700	-0.300	0.000	674.21478271
-0.600	-0.300	0.000	782.83428955
-0.500	-0.300	0.000	902.01464844
-0.400	-0.300	0.000	1020.64367676
-0.300	-0.300	0.000	1126.71264648
-0.200	-0.300	0.000	1209.33593750
-0.100	-0.300	0.000	1260.67651367
0.000	-0.300	0.000	1277.34326172
0.100	-0.300	0.000	1260.93811035
0.200	-0.300	0.000	1217.63391113
0.300	-0.300	0.000	1156.89599609
0.400	-0.300	0.000	1089.64636230
0.500	-0.300	0.000	1026.26940918
0.600	-0.300	0.000	974.86236572
0.700	-0.300	0.000	940.04724121
0.800	-0.300	0.000	922.53088379
0.900	-0.300	0.000	919.43841553
1.000	-0.300	0.000	925.29290771
-1.000	-0.200	0.000	488.18981934
-0.900	-0.200	0.000	526.24426270
-0.800	-0.200	0.000	591.02209473
-0.700	-0.200	0.000	682.77966309
-0.600	-0.200	0.000	797.57757568
-0.500	-0.200	0.000	927.28851318
-0.400	-0.200	0.000	1060.47387695
-0.300	-0.200	0.000	1184.03759766
-0.200	-0.200	0.000	1285.36547852
-0.100	-0.200	0.000	1354.50866699
0.000	-0.200	0.000	1385.92517090
0.100	-0.200	0.000	1379.38537598
0.200	-0.200	0.000	1339.84082031
0.300	-0.200	0.000	1276.30871582
0.400	-0.200	0.000	1200.04614258
0.500	-0.200	0.000	1122.43286133
0.600	-0.200	0.000	1053.01074219
0.700	-0.200	0.000	998.05975342
0.800	-0.200	0.000	959.94055176
0.900	-0.200	0.000	937.25939941
1.000	-0.200	0.000	925.73071289
-1.000	-0.100	0.000	505.10488892
-0.900	-0.100	0.000	539.92987061
-0.800	-0.100	0.000	602.64477539
-0.700	-0.100	0.000	694.84454346
-0.600	-0.100	0.000	813.72723389
-0.500	-0.100	0.000	951.84020996
-0.400	-0.100	0.000	1097.74926758
-0.300	-0.100	0.000	1237.59191895
-0.200	-0.100	0.000	1357.26110840
-0.100	-0.100	0.000	1444.78063965
0.000	-0.100	0.000	1492.36206055
0.100	-0.100	0.000	1497.67724609
0.200	-0.100	0.000	1464.07104492
0.300	-0.100	0.000	1399.68872070
0.400	-0.100	0.000	1315.74951172
0.500	-0.100	0.000	1224.37878418
0.600	-0.100	0.000	1136.48168945
0.700	-0.100	0.000	1060.08581543
0.800	-0.100	0.000	999.43841553
0.900	-0.100	0.000	954.94702148
1.000	-0.100	0.000	923.86315918
-1.000	0.000	0.000	527.07666016
-0.900	0.000	0.000	557.78601074
-0.800	0.000	0.000	616.90667725
-0.700	0.000	0.000	707.36975098
-0.600	0.000	0.000	827.65374756
-0.500	0.000	0.000	971.26080322
-0.400	0.000	0.000	1127.13647461
-0.300	0.000	0.000	1281.05493164
-0.200	0.000	0.000	1417.76245117
-0.100	0.000	0.000	1523.47241211
0.000	0.000	0.000	1588.18371582
0.100	0.000	0.000	1607.31457520
0.200	0.000	0.000	1582.29113770
0.300	0.000	0.000	1519.98657227
0.400	0.000	0.000	1431.17871094
0.500	0.000	0.000	1328.41052246
0.600	0.000	0.000	1223.75061035
0.700	0.000	0.000	1126.92285156
0.800	0.000	0.000	1044.14123535
0.900	0.000	0.000	977.78851318
1.000	0.000	0.000	926.86755371
-1.000	0.100	0.000	552.13043213
-0.900	0.100	0.000	577.86590576
-0.800	0.100	0.000	631.73913574
-0.700	0.100	0.000	717.96466064
-0.600	0.100	0.000	836.41082764
-0.500	0.100	0.000	981.80682373
-0.400	0.100	0.000	1143.88244629
-0.300	0.100	0.000	1308.52185059
-0.200	0.100	0.000	1459.78527832
-0.100	0.100	0.000	1582.43676758
0.000	0.100	0.000	1664.45825195
0.100	0.100	0.000	1699.00756836
0.200	0.100	0.000	1685.39331055
0.300	0.100	0.000	1628.87353516
0.400	0.100	0.000	1539.36901855
0.500	0.100	0.000	1429.43298340
0.600	0.100	0.000	1311.96301270
0.700	0.100	0.000	1198.15539551
0.800	0.100	0.000	1096.08557129
0.900	0.100	0.000	1010.10314941
1.000	0.100	0.000	941.01934814
-1.000	0.200	0.000	579.31121826
-0.900	0.200	0.000	599.27441406
-0.800	0.200	0.000	646.16760254
-0.700	0.200	0.000	725.39093018
-0.600	0.200	0.000	838.27069092
-0.500	0.200	0.000	981.01110840
-0.400	0.200	0.000	1144.53564453
-0.300	0.200	0.000	1315.35852051
-0.200	0.200	0.000	1477.40917969
-0.100	0.200	0.000	1614.50231934
0.000	0.200	0.000	1712.96374512
0.100	0.200	0.000	1763.85327148
0.200	0.200	0.000	1764.30322266
0.300	0.200	0.000	1717.69689941
0.400	0.200	0.000	1632.69506836
0.500	0.200	0.000	1521.38806152
0.600	0.200	0.000	1397.03686523
0.700	0.200	0.000	1271.90979004
0.800	0.200	0.000	1155.64025879
0.900	0.200	0.000	1054.34533691
1.000	0.200	0.000	970.53717041
-1.000	0.300	0.000	608.95855713
-0.900	0.300	0.000	622.37414551
-0.800	0.300	0.000	660.48571777
-0.700	0.300	0.000	729.75036621
-0.600	0.300	0.000	832.98046875
-0.500	0.300	0.000	968.06225586
-0.400	0.300	0.000	1127.49645996
-0.300	0.300	0.000	1298.95507812
-0.200	0.300	0.000	1466.84472656
-0.100	0.300	0.000	1614.63366699
0.000	0.300	0.000	1727.49548340
0.100	0.300	0.000	1794.71423340
0.200	0.300	0.000	1811.33544922
0.300	0.300	0.000	1778.71435547
0.400	0.300	0.000	1703.88916016
0.500	0.300	0.000	1597.98352051
0.600	0.300	0.000	1474.05554199
0.700	0.300	0.000	1344.89453125
0.800	0.300	0.000	1221.21276855
0.900	0.300	0.000	1110.52075195
1.000	0.300	0.000	1016.77343750
-1.000	0.400	0.000	642.47485352
-0.900	0.400	0.000	648.53387451
-0.800	0.400	0.000	676.01953125
-0.700	0.400	0.000	732.31103516
-0.600	0.400	0.000	821.69848633
-0.500	0.400	0.000	943.90112305
-0.400	0.400	0.000	1093.31970215
-0.300	0.400	0.000	1259.26696777
-0.200	0.400	0.000	1427.22705078
-0.100	0.400	0.000	1580.96557617
0.000	0.400	0.000	1705.09692383
0.100	0.400	0.000	1787.57751465
0.200	0.400	0.000	1821.59130859
0.300	0.400	0.000	1806.43115234
0.400	0.400	0.000	1747.22717285
0.500	0.400	0.000	1653.65026855
0.600	0.400	0.000	1537.94848633
0.700	0.400	0.000	1412.78918457
0.800	0.400	0.000	1289.36230469
0.900	0.400	0.000	1176.06750488
1.000	0.400	0.000	1077.92797852
-1.000	0.500	0.000	681.60467529
-0.900	0.500	0.000	679.45428467
-0.800	0.500	0.000	694.52923584
-0.700	0.500	0.000	735.01037598
-0.600	0.500	0.000	806.62847900
-0.500	0.500	0.000	911.01568604
-0.400	0.500	0.000	1044.69909668
-0.300	0.500	0.000	1199.01477051
-0.200	0.500	0.000	1361.04479980
-0.100	0.500	0.000	1515.45874023
0.000	0.500	0.000	1646.92211914
0.100	0.500	0.000	1742.57958984
0.200	0.500	0.000	1794.08557129
0.300	0.500	0.000	1798.75756836
0.400	0.500	0.000	1759.64270020
0.500	0.500	0.000	1684.55249023
0.600	0.500	0.000	1584.35290527
0.700	0.500	0.000	1470.93835449
0.800	0.500	0.000	1355.33068848
0.900	0.500	0.000	1246.25048828
1.000	0.500	0.000	1149.34790039
-1.000	0.600	0.000	727.43206787
-0.900	0.600	0.000	716.26562500
-0.800	0.600	0.000	717.41632080
-0.700	0.600	0.000	739.77435303
-0.600	0.600	0.000	790.44628906
-0.500	0.600	0.000	872.97460938
-0.400	0.600	0.000	986.11187744
-0.300	0.600	0.000	1123.44958496
-0.200	0.600	0.000	1274.04211426
-0.100	0.600	0.000	1423.95434570
0.000	0.600	0.000	1558.45104980
0.100	0.600	0.000	1664.38366699
0.200	0.600	0.000	1732.27368164
0.300	0.600	0.000	1757.66210938
0.400	0.600	0.000	1741.47521973
0.500	0.600	0.000	1689.39526367
0.600	0.600	0.000	1610.45031738
0.700	0.600	0.000	1515.19250488
0.800	0.600	0.000	1413.87524414
0.900	0.600	0.000	1314.98449707
1.000	0.600	0.000	1224.34729004
-1.000	0.700	0.000	779.44207764
-0.900	0.700	0.000	758.70538330
-0.800	0.700	0.000	745.00244141
-0.700	0.700	0.000	747.86651611
-0.600	0.700	0.000	775.68341064
-0.500	0.700	0.000	833.81109619
-0.400	0.700	0.000	923.18084717
-0.300	0.700	0.000	1039.68945312
-0.200	0.700	0.000	1174.54418945
-0.100	0.700	0.000	1315.52160645
0.000	0.700	0.000	1448.90612793
0.100	0.700	0.000	1561.71508789
0.200	0.700	0.000	1643.75207520
0.300	0.700	0.000	1689.07299805
0.400	0.700	0.000	1696.59326172
0.500	0.700	0.000	1669.77453613
0.600	0.700	0.000	1615.53222656
0.700	0.700	0.000	1542.66748047
0.800	0.700	0.000	1460.19128418
0.900	0.700	0.000	1375.88635254
1.000	0.700	0.000	1295.35607910
-1.000	0.800	0.000	835.01879883
-0.900	0.800	0.000	804.69854736
-0.800	0.800	0.000	776.15167236
-0.700	0.800	0.000	759.49627686
-0.600	0.800	0.000	764.25866699
-0.500	0.800	0.000	797.42089844
-0.400	0.800	0.000	861.89770508
-0.300	0.800	0.000	955.75244141
-0.200	0.800	0.000	1072.31640625
-0.100	0.800	0.000	1201.19079590
0.000	0.800	0.000	1329.93298340
0.100	0.800	0.000	1446.08215332
0.200	0.800	0.000	1539.11865234
0.300	0.800	0.000	1601.96899414
0.400	0.800	0.000	1631.78881836
0.500	0.800	0.000	1629.92028809
0.600	0.800	0.000	1601.10791016
0.700	0.800	0.000	1552.20422363
0.800	0.800	0.000	1490.68701172
0.900	0.800	0.000	1423.30895996
1.000	0.800	0.000	1355.14331055
-1.000	0.900	0.000	889.63037109
-0.900	0.900	0.000	850.55139160
-0.800	0.900	0.000	808.41400146
-0.700	0.900	0.000	773.84222412
-0.600	0.900	0.000	757.30847168
-0.500	0.900	0.000	767.13385010
-0.400	0.900	0.000	807.88946533
-0.300	0.900	0.000	879.49920654
-0.200	0.900	0.000	977.19891357
-0.100	0.900	0.000	1092.33410645
0.000	0.900	0.000	1213.81689453
0.100	0.900	0.000	1329.94482422
0.200	0.900	0.000	1430.22082520
0.300	0.900	0.000	1506.83471680
0.400	0.900	0.000	1555.54809570
0.500	0.900	0.000	1575.86340332
0.600	0.900	0.000	1570.50939941
0.700	0.900	0.000	1544.41418457
0.800	0.900	0.000	1503.43444824
0.900	0.900	0.000	1453.13342285
1.000	0.900	0.000	1397.86889648
-1.000	1.000	0.000	937.71600342
-0.900	1.000	0.000	891.75665283
-0.800	1.000	0.000	838.68310547
-0.700	1.000	0.000	789.49511719
-0.600	1.000	0.000	755.35107422
-0.500	1.000	0.000	745.54547119
-0.400	1.000	0.000	765.87866211
-0.300	1.000	0.000	817.70788574
-0.200	1.000	0.000	897.81420898
-0.100	1.000	0.000	999.05609131
0.000	1.000	0.000	1111.64221191
0.100	1.000	0.000	1224.75366211
0.200	1.000	0.000	1328.20556641
0.300	1.000	0.000	1413.85253906
0.400	1.000	0.000	1476.50671387
0.500	1.000	0.000	1514.24682617
0.600	1.000	0.000	1528.11694336
0.700	1.000	0.000	1521.33642578
0.800	1.000	0.000	1498.23840332
0.900	1.000	0.000	1463.19580078
1.000	1.000	0.000	1419.78735352
-1.000	-1.000	0.500	632.06036377
-0.900	-1.000	0.500	686.90368652
-0.800	-1.000	0.500	748.00537109
-0.700	-1.000	0.500	807.91705322
-0.600	-1.000	0.500	859.03448486
-0.500	-1.000	0.500	894.80566406
-0.400	-1.000	0.500	910.76831055
-0.300	-1.000	0.500	905.21130371
-0.200	-1.000	0.500	879.33245850
-0.100	-1.000	0.500	836.87255859
0.000	-1.000	0.500	783.32824707
0.100	-1.000	0.500	724.94311523
0.200	-1.000	0.500	667.71520996
0.300	-1.000	0.500	616.62426758
0.400	-1.000	0.500	575.18365479
0.500	-1.000	0.500	545.30639648
0.600	-1.000	0.500	527.39251709
0.700	-1.000	0.500	520.52886963
0.800	-1.000	0.500	522.73822021
0.900	-1.000	0.500	531.27606201
1.000	-1.000	0.500	543.01239014
-1.000	-0.900	0.500	601.53094482
-0.900	-0.900	0.500	654.19158936
-0.800	-0.900	0.500	715.86907959
-0.700	-0.900	0.500	779.66009521
-0.600	-0.900	0.500	838.00317383
-0.500	-0.900	0.500	883.83776855
-0.400	-0.900	0.500	911.71563721
-0.300	-0.900	0.500	918.64916992
-0.200	-0.900	0.500	904.52612305
-0.100	-0.900	0.500	872.01104736
0.000	-0.900	0.500	825.97113037
0.100	-0.900	0.500	772.57629395
0.200	-0.900	0.500	718.28839111
0.300	-0.900	0.500	668.95166016
0.400	-0.900	0.500	629.12512207
0.500	-0.900	0.500	601.69854736
0.600	-0.900	0.500	587.75689697
0.700	-0.900	0.500	586.63037109
0.800	-0.900	0.500	596.09460449
0.900	-0.900	0.500	612.72558594
1.000	-0.900	0.500	632.42456055
-1.000	-0.800	0.500	568.43707275
-0.900	-0.800	0.500	618.54632568
-0.800	-0.800	0.500	680.63995361
-0.700	-0.800	0.500	748.50885010
-0.600	-0.800	0.500	814.72229004
-0.500	-0.800	0.500	871.71166992
-0.400	-0.800	0.500	912.94799805
-0.300	-0.800	0.500	933.98992920
-0.200	-0.800	0.500	933.18884277
-0.100	-0.800	0.500	911.90325928
0.000	-0.800	0.500	874.18481445
0.100	-0.800	0.500	826.02252197
0.200	-0.800	0.500	774.32958984
0.300	-0.800	0.500	725.88824463
0.400	-0.800	0.500	686.43615723
0.500	-0.800	0.500	659.99768066
0.600	-0.800	0.500	648.49243164
0.700	-0.800	0.500	651.61499023
0.800	-0.800	0.500	666.97937012
0.900	-0.800	0.500	690.53491211
1.000	-0.800	0.500	717.24249268
-1.000	-0.700	0.500	536.24047852
-0.900	-0.700	0.500	583.91772461
-0.800	-0.700	0.500	646.57409668
-0.700	-0.700	0.500	718.82507324
-0.600	-0.700	0.500	793.47509766
-0.500	-0.700	0.500	862.49566650
-0.400	-0.700	0.500	918.24865723
-0.300	-0.700	0.500	954.72912598
-0.200	-0.700	0.500	968.57629395
-0.100	-0.700	0.500	959.63226318
0.000	-0.700	0.500	930.92901611
0.100	-0.700	0.500	888.11584473
0.200	-0.700	0.500	838.46978760
0.300	-0.700	0.500	789.70465088
0.400	-0.700	0.500	748.80242920
0.500	-0.700	0.500	721.04071045
0.600	-0.700	0.500	709.32403564
0.700	-0.700	0.500	713.87438965
0.800	-0.700	0.500	732.30877686
0.900	-0.700	0.500	760.10784912
1.000	-0.700	0.500	791.43530273
-1.000	-0.600	0.500	508.61776733
-0.900	-0.600	0.500	554.23583984
-0.800	-0.600	0.500	617.71856689
-0.700	-0.600	0.500	694.61993408
-0.600	-0.600	0.500	778.09820557
-0.500	-0.600	0.500	859.75750732
-0.400	-0.600	0.500	930.88562012
-0.300	-0.600	0.500	983.87194824
-0.200	-0.600	0.500	1013.51989746
-0.100	-0.600	0.500	1017.96600342
0.000	-0.600	0.500	998.99908447
0.100	-0.600	0.500	961.71148682
0.200	-0.600	0.500	913.57025146
0.300	-0.600	0.500	863.11840820
0.400	-0.600	0.500	818.56481934
0.500	-0.600	0.500	786.50830078
0.600	-0.600	0.500	770.98199463
0.700	-0.600	0.500	772.94042969
0.800	-0.600	0.500	790.25213623
0.900	-0.600	0.500	818.19891357
1.000	-0.600	0.500	850.41381836
-1.000	-0.500	0.500	488.71987915
-0.900	-0.500	0.500	532.63232422
-0.800	-0.500	0.500	597.09240723
-0.700	-0.500	0.500	678.69543457
-0.600	-0.500	0.500	771.08770752
-0.500	-0.500	0.500	865.64001465
-0.400	-0.500	0.500	952.66296387
-0.300	-0.500	0.500	1022.96447754
-0.200	-0.500	0.500	1069.44201660
-0.100	-0.500	0.500	1088.36059570
0.000	-0.500	0.500	1080.02551270
0.100	-0.500	0.500	1048.69616699
0.200	-0.500	0.500	1001.76721191
0.300	-0.500	0.500	948.40826416
0.400	-0.500	0.500	897.94903564
0.500	-0.500	0.500	858.32006836
0.600	-0.500	0.500	834.81390381
0.700	-0.500	0.500	829.35681152
0.800	-0.500	0.500	840.39093018
0.900	-0.500	0.500	863.36932373
1.000	-0.500	0.500	891.76794434
-1.000	-0.400	0.500	478.56195068
-0.900	-0.400	0.500	520.87915039
-0.800	-0.400	0.500	586.15802002
-0.700	-0.400	0.500	672.13165283
-0.600	-0.400	0.500	773.08453369
-0.500	-0.400	0.500	880.32940674
-0.400	-0.400	0.500	983.35687256
-0.300	-0.400	0.500	1071.48510742
-0.200	-0.400	0.500	1135.69299316
-0.100	-0.400	0.500	1170.23864746
0.000	-0.400	0.500	1173.69604492
0.100	-0.400	0.500	1149.16870117
0.200	-0.400	0.500	1103.63781738
0.300	-0.400	0.500	1046.60498047
0.400	-0.400	0.500	988.32904053
0.500	-0.400	0.500	938.02307129
0.600	-0.400	0.500	902.34698486
0.700	-0.400	0.500	884.45416260
0.800	-0.400	0.500	883.73046875
0.900	-0.400	0.500	896.23687744
1.000	-0.400	0.500	915.73901367
-1.000	-0.300	0.500	478.68713379
-0.900	-0.300	0.500	519.16430664
-0.800	-0.300	0.500	584.68719482
-0.700	-0.300	0.500	674.21478271
-0.600	-0.300	0.500	782.83428955
-0.500	-0.300	0.500	902.01464844
-0.400	-0.300	0.500	1020.64367676
-0.300	-0.300	0.500	1126.71264648
-0.200	-0.300	0.500	1209.33593750
-0.100	-0.300	0.500	1260.67651367
0.000	-0.300	0.500	1277.34326172
0.100	-0.300	0.500	1260.93811035
0.200	-0.300	0.500	1217.63391113
0.300	-0.300	0.500	1156.89599609
0.400	-0.300	0.500	1089.64636230
0.500	-0.300	0.500	1026.26940918
0.600	-0.300	0.500	974.86236572
0.700	-0.300	0.500	940.04724121
0.800	-0.300	0.500	922.53088379
0.900	-0.300	0.500	919.43841553
1.000	-0.300	0.500	925.29290771
-1.000	-0.200	0.500	488.18981934
-0.900	-0.200	0.500	526.24426270
-0.800	-0.200	0.500	591.02209473
-0.700	-0.200	0.500	682.77966309
-0.600	-0.200	0.500	797.57757568
-0.500	-0.200	0.500	927.28851318
-0.400	-0.200	0.500	1060.47387695
-0.300	-0.200	0.500	1184.03759766
-0.200	-0.200	0.500	1285.36547852
-0.100	-0.200	0.500	1354.50866699
0.000	-0.200	0.500	1385.92517090
0.100	-0.200	0.500	1379.38537598
0.200	-0.200	0.500	1339.84082031
0.300	-0.200	0.500	1276.30871582
0.400	-0.200	0.500	1200.04614258
0.500	-0.200	0.500	1122.43286133
0.600	-0.200	0.500	1053.01074219
0.700	-0.200	0.500	998.05975342
0.800	-0.200	0.500	959.94055176
0.900	-0.200	0.500	937.25939941
1.000	-0.200	0.500	925.73071289
-1.000	-0.100	0.500	505.10488892
-0.900	-0.100	0.500	539.92987061
-0.800	-0.100	0.500	602.64477539
-0.700	-0.100	0.500	694.84454346
-0.600	-0.100	0.500	813.72723389
-0.500	-0.100	0.500	951.84020996
-0.400	-0.100	0.500	1097.74926758
-0.300	-0.100	0.500	1237.59191895
-0.200	-0.100	0.500	1357.26110840
-0.100	-0.100	0.500	1444.78063965
0.000	-0.100	0.500	1492.36206055
0.100	-0.100	0.500	1497.67724609
0.200	-0.100	0.500	1464.07104492
0.300	-0.100	0.500	1399.68872070
0.400	-0.100	0.500	1315.74951172
0.500	-0.100	0.500	1224.37878418
0.600	-0.100	0.500	1136.48168945
0.700	-0.100	0.500	1060.08581543
0.800	-0.100	0.500	999.43841553
0.900	-0.100	0.500	954.94702148
1.000	-0.100	0.500	923.86315918
-1.000	0.000	0.500	527.07666016
-0.900	0.000	0.500	557.78601074
-0.800	0.000	0.500	616.90667725
-0.700	0.000	0.500	707.36975098
-0.600	0.000	0.500	827.65374756
-0.500	0.000	0.500	971.26080322
-0.400	0.000	0.500	1127.13647461
-0.300	0.000	0.500	1281.05493164
-0.200	0.000	0.500	1417.76245117
-0.100	0.000	0.500	1523.47241211
0.000	0.000	0.500	1588.18371582
0.100	0.000	0.500	1607.31457520
0.200	0.000	0.500	1582.29113770
0.300	0.000	0.500	1519.98657227
0.400	0.000	0.500	1431.17871094
0.500	0.000	0.500	1328.41052246
0.600	0.000	0.500	1223.75061035
0.700	0.000	0.500	1126.92285156
0.800	0.000	0.500	1044.14123535
0.900	0.000	0.500	977.78851318
1.000	0.000	0.500	926.86755371
-1.000	0.100	0.500	552.13043213
-0.900	0.100	0.500	577.86590576
-0.800	0.100	0.500	631.73913574
-0.700	0.100	0.500	717.96466064
-0.600	0.100	0.500	836.41082764
-0.500	0.100	0.500	981.80682373
-0.400	0.100	0.500	1143.88244629
-0.300	0.100	0.500	1308.52185059
-0.200	0.100	0.500	1459.78527832
-0.100	0.100	0.500	1582.43676758
0.000	0.100	0.500	1664.45825195
0.100	0.100	0.500	1699.00756836
0.200	0.100	0.500	1685.39331055
0.300	0.100	0.500	1628.87353516
0.400	0.100	0.500	1539.36901855
0.500	0.100	0.500	1429.43298340
0.600	0.100	0.500	1311.96301270
0.700	0.100	0.500	1198.15539551
0.800	0.100	0.500	1096.08557129
0.900	0.100	0.500	1010.10314941
1.000	0.100	0.500	941.01934814
-1.000	0.200	0.500	579.31121826
-0.900	0.200	0.500	599.27441406
-0.800	0.200	0.500	646.16760254
-0.700	0.200	0.500	725.39093018
-0.600	0.200	0.500	838.27069092
-0.500	0.200	0.500	981.01110840
-0.400	0.200	0.500	1144.53564453
-0.300	0.200	0.500	1315.35852051
-0.200	0.200	0.500	1477.40917969
-0.100	0.200	0.500	1614.50231934
0.000	0.200	0.500	1712.96374512
0.100	0.200	0.500	1763.85327148
0.200	0.200	0.500	1764.30322266
0.300	0.200	0.500	1717.69689941
0.400	0.200	0.500	1632.69506836
0.500	0.200	0.500	1521.38806152
0.600	0.200	0.500	1397.03686523
0.700	0.200	0.500	1271.90979004
0.800	0.200	0.500	1155.64025879
0.900	0.200	0.500	1054.34533691
1.000	0.200	0.500	970.53717041
-1.000	0.300	0.500	608.95855713
-0.900	0.300	0.500	622.37414551
-0.800	0.300	0.500	660.48571777
-0.700	0.300	0.500	729.75036621
-0.600	0.300	0.500	832.98046875
-0.500	0.300	0.500	968.06225586
-0.400	0.300	0.500	1127.49645996
-0.300	0.300	0.500	1298.95507812
-0.200	0.300	0.500	1466.84472656
-0.100	0.300	0.500	1614.63366699
0.000	0.300	0.500	1727.49548340
0.100	0.300	0.500	1794.71423340
0.200	0.300	0.500	1811.33544922
0.300	0.300	0.500	1778.71435547
0.400	0.300	0.500	1703.88916016
0.500	0.300	0.500	1597.98352051
0.600	0.300	0.500	1474.05554199
0.700	0.300	0.500	1344.89453125
0.800	0.300	0.500	1221.21276855
0.900	0.300	0.500	1110.52075195
1.000	0.300	0.500	1016.77343750
-1.000	0.400	0.500	642.47485352
-0.900	0.400	0.500	648.53387451
-0.800	0.400	0.500	676.01953125
-0.700	0.400	0.500	732.31103516
-0.600	0.400	0.500	821.69848633
-0.500	0.400	0.500	943.90112305
-0.400	0.400	0.500	1093.31970215
-0.300	0.400	0.500	1259.26696777
-0.200	0.400	0.500	1427.22705078
-0.100	0.400	0.500	1580.96557617
0.000	0.400	0.500	1705.09692383
0.100	0.400	0.500	1787.57751465
0.200	0.400	0.500	1821.59130859
0.300	0.400	0.500	1806.43115234
0.400	0.400	0.500	1747.22717285
0.500	0.400	0.500	1653.65026855
0.600	0.400	0.500	1537.94848633
0.700	0.400	0.500	1412.78918457
0.800	0.400	0.500	1289.36230469
0.900	0.400	0.500	1176.06750488
1.000	0.400	0.500	1077.92797852
-1.000	0.500	0.500	681.60467529
-0.900	0.500	0.500	679.45428467
-0.800	0.500	0.500	694.52923584
-0.700	0.500	0.500	735.01037598
-0.600	0.500	0.500	806.62847900
-0.500	0.500	0.500	911.01568604
-0.400	0.500	0.500	1044.69909668
-0.300	0.500	0.500	1199.01477051
-0.200	0.500	0.500	1361.04479980
-0.100	0.500	0.500	1515.45874023
0.000	0.500	0.500	1646.92211914
0.100	0.500	0.500	1742.57958984
0.200	0.500	0.500	1794.08557129
0.300	0.500	0.500	1798.75756836
0.400	0.500	0.500	1759.64270020
0.500	0.500	0.500	1684.55249023
0.600	0.500	0.500	1584.35290527
0.700	0.500	0.500	1470.93835449
0.800	0.500	0.500	1355.33068848
0.900	0.500	0.500	1246.25048828
1.000	0.500	0.500	1149.34790039
-1.000	0.600	0.500	727.43206787
-0.900	0.600	0.500	716.26562500
-0.800	0.600	0.500	717.41632080
-0.700	0.600	0.500	739.77435303
-0.600	0.600	0.500	790.44628906
-0.500	0.600	0.500	872.97460938
-0.400	0.600	0.500	986.11187744
-0.300	0.600	0.500	1123.44958496
-0.200	0.600	0.500	1274.04211426
-0.100	0.600	0.500	1423.95434570
0.000	0.600	0.500	1558.45104980
0.100	0.600	0.500	1664.38366699
0.200	0.600	0.500	1732.27368164
0.300	0.600	0.500	1757.66210938
0.400	0.600	0.500	1741.47521973
0.500	0.600	0.500	1689.39526367
0.600	0.600	0.500	1610.45031738
0.700	0.600	0.500	1515.19250488
0.800	0.600	0.500	1413.87524414
0.900	0.600	0.500	1314.98449707
1.000	0.600	0.500	1224.34729004
-1.000	0.700	0.500	779.44207764
-0.900	0.700	0.500	758.70538330
-0.800	0.700	0.500	745.00244141
-0.700	0.700	0.500	747.86651611
-0.600	0.700	0.500	775.68341064
-0.500	0.700	0.500	833.81109619
-0.400	0.700	0.500	923.18084717
-0.300	0.700	0.500	1039.68945312
-0.200	0.700	0.500	1174.54418945
-0.100	0.700	0.500	1315.52160645
0.000	0.700	0.500	1448.90612793
0.100	0.700	0.500	1561.71508789
0.200	0.700	0.500	1643.75207520
0.300	0.700	0.500	1689.07299805
0.400	0.700	0.500	1696.59326172
0.500	0.700	0.500	1669.77453613
0.600	0.700	0.500	1615.53222656
0.700	0.700	0.500	1542.66748047
0.800	0.700	0.500	1460.19128418
0.900	0.700	0.500	1375.88635254
1.000	0.700	0.500	1295.35607910
-1.000	0.800	0.500	835.01879883
-0.900	0.800	0.500	804.69854736
-0.800	0.800	0.500	776.15167236
-0.700	0.800	0.500	759.49627686
-0.600	0.800	0.500	764.25866699
-0.500	0.800	0.500	797.42089844
-0.400	0.800	0.500	861.89770508
-0.300	0.800	0.500	955.75244141
-0.200	0.800	0.500	1072.31640625
-0.100	0.800	0.500	1201.19079590
0.000	0.800	0.500	1329.93298340
0.100	0.800	0.500	1446.08215332
0.200	0.800	0.500	1539.11865234
0.300	0.800	0.500	1601.96899414
0.400	0.800	0.500	1631.78881836
0.500	0.800	0.500	1629.92028809
0.600	0.800	0.500	1601.10791016
0.700	0.800	0.500	1552.20422363
0.800	0.800	0.500	1490.68701172
0.900	0.800	0.500	1423.30895996
1.000	0.800	0.500	1355.14331055
-1.000	0.900	0.500	889.63037109
-0.900	0.900	0.500	850.55139160
-0.800	0.900	0.500	808.41400146
-0.700	0.900	0.500	773.84222412
-0.600	0.900	0.500	757.30847168
-0.500	0.900	0.500	767.13385010
-0.400	0.900	0.500	807.88946533
-0.300	0.900	0.500	879.49920654
-0.200	0.900	0.500	977.19891357
-0.100	0.900	0.500	1092.33410645
0.000	0.900	0.500	1213.81689453
0.100	0.900	0.500	1329.94482422
0.200	0.900	0.500	1430.22082520
0.300	0.900	0.500	1506.83471680
0.400	0.900	0.500	1555.54809570
0.500	0.900	0.500	1575.86340332
0.600	0.900	0.500	1570.50939941
0.700	0.900	0.500	1544.41418457
0.800	0.900	0.500	1503.43444824
0.900	0.900	0.500	1453.13342285
1.000	0.900	0.500	1397.86889648
-1.000	1.000	0.500	937.71600342
-0.900	1.000	0.500	891.75665283
-0.800	1.000	0.500	838.68310547
-0.700	1.000	0.500	789.49511719
-0.600	1.000	0.500	755.35107422
-0.500	1.000	0.500	745.54547119
-0.400	1.000	0.500	765.87866211
-0.300	1.000	0.500	817.70788574
-0.200	1.000	0.500	897.81420898
-0.100	1.000	0.500	999.05609131
0.000	1.000	0.500	1111.64221191
0.100	1.000	0.500	1224.75366211
0.200	1.000	0.500	1328.20556641
0.300	1.000	0.500	1413.85253906
0.400	1.000	0.500	1476.50671387
0.500	1.000	0.500	1514.24682617
0.600	1.000	0.500	1528.11694336
0.700	1.000	0.500	1521.33642578
0.800	1.000	0.500	1498.23840332
0.900	1.000	0.500	1463.19580078
1.000	1.000	0.500	1419.78735352
-1.000	-1.000	1.000	632.06036377
-0.900	-1.000	1.000	686.90368652
-0.800	-1.000	1.000	748.00537109
-0.700	-1.000	1.000	807.91705322
-0.600	-1.000	1.000	859.03448486
-0.500	-1.000	1.000	894.80566406
-0.400	-1.000	1.000	910.76831055
-0.300	-1.000	1.000	905.21130371
-0.200	-1.000	1.000	879.33245850
-0.100	-1.000	1.000	836.87255859
0.000	-1.000	1.000	783.32824707
0.100	-1.000	1.000	724.94311523
0.200	-1.000	1.000	667.71520996
0.300	-1.000	1.000	616.62426758
0.400	-1.000	1.000	575.18365479
0.500	-1.000	1.000	545.30639648
0.600	-1.000	1.000	527.39251709
0.700	-1.000	1.000	520.52886963
0.800	-1.000	1.000	522.73822021
0.900	-1.000	1.000	531.27606201
1.000	-1.000	1.000	543.01239014
-1.000	-0.900	1.000	601.53094482
-0.900	-0.900	1.000	654.19158936
-0.800	-0.900	1.000	715.86907959
-0.700	-0.900	1.000	779.66009521
-0.600	-0.900	1.000	838.00317383
-0.500	-0.900	1.000	883.83776855
-0.400	-0.900	1.000	911.71563721
-0.300	-0.900	1.000	918.64916992
-0.200	-0.900	1.000	904.52612305
-0.100	-0.900	1.000	872.01104736
0.000	-0.900	1.000	825.97113037
0.100	-0.900	1.000	772.57629395
0.200	-0.900	1.000	718.28839111
0.300	-0.900	1.000	668.95166016
0.400	-0.900	1.000	629.12512207
0.500	-0.900	1.000	601.69854736
0.600	-0.900	1.000	587.75689697
0.700	-0.900	1.000	586.63037109
0.800	-0.900	1.000	596.09460449
0.900	-0.900	1.000	612.72558594
1.000	-0.900	1.000	632.42456055
-1.000	-0.800	1.000	568.43707275
-0.900	-0.800	1.000	618.54632568
-0.800	-0.800	1.000	680.63995361
-0.700	-0.800	1.000	748.50885010
-0.600	-0.800	1.000	814.72229004
-0.500	-0.800	1.000	871.71166992
-0.400	-0.800	1.000	912.94799805
-0.300	-0.800	1.000	933.98992920
-0.200	-0.800	1.000	933.18884277
-0.100	-0.800	1.000	911.90325928
0.000	-0.800	1.000	874.18481445
0.100	-0.800	1.000	826.02252197
0.200	-0.800	1.000	774.32958984
0.300	-0.800	1.000	725.88824463
0.400	-0.800	1.000	686.43615723
0.500	-0.800	1.000	659.99768066
0.600	-0.800	1.000	648.49243164
0.700	-0.800	1.000	651.61499023
0.800	-0.800	1.000	666.97937012
0.900	-0.800	1.000	690.53491211
1.000	-0.800	1.000	717.24249268
-1.000	-0.700	1.000	536.24047852
-0.900	-0.700	1.000	583.91772461
-0.800	-0.700	1.000	646.57409668
-0.700	-0.700	1.000	718.82507324
-0.600	-0.700	1.000	793.47509766
-0.500	-0.700	1.000	862.49566650
-0.400	-0.700	1.000	918.24865723
-0.300	-0.700	1.000	954.72912598
-0.200	-0.700	1.000	968.57629395
-0.100	-0.700	1.000	959.63226318
0.000	-0.700	1.000	930.92901611
0.100	-0.700	1.000	888.11584473
0.200	-0.700	1.000	838.46978760
0.300	-0.700	1.000	789.70465088
0.400	-0.700	1.000	748.80242920
0.500	-0.700	1.000	721.04071045
0.600	-0.700	1.000	709.32403564
0.700	-0.700	1.000	713.87438965
0.800	-0.700	1.000	732.30877686
0.900	-0.700	1.000	760.10784912
1.000	-0.700	1.000	791.43530273
-1.000	-0.600	1.000	508.61776733
-0.900	-0.600	1.000	554.23583984
-0.800	-0.600	1.000	617.71856689
-0.700	-0.600	1.000	694.61993408
-0.600	-0.600	1.000	778.09820557
-0.500	-0.600	1.000	859.75750732
-0.400	-0.600	1.000	930.88562012
-0.300	-0.600	1.000	983.87194824
-0.200	-0.600	1.000	1013.51989746
-0.100	-0.600	1.000	1017.96600342
0.000	-0.600	1.000	998.99908447
0.100	-0.600	1.000	961.71148682
0.200	-0.600	1.000	913.57025146
0.300	-0.600	1.000	863.11840820
0.400	-0.600	1.000	818.56481934
0.500	-0.600	1.000	786.50830078
0.600	-0.600	1.000	770.98199463
0.700	-0.600	1.000	772.94042969
0.800	-0.600	1.000	790.25213623
0.900	-0.600	1.000	818.19891357
1.000	-0.600	1.000	850.41381836
-1.000	-0.500	1.000	488.71987915
-0.900	-0.500	1.000	532.63232422
-0.800	-0.500	1.000	597.09240723
-0.700	-0.500	1.000	678.69543457
-0.600	-0.500	1.000	771.08770752
-0.500	-0.500	1.000	865.64001465
-0.400	-0.500	1.000	952.66296387
-0.300	-0.500	1.000	1022.96447754
-0.200	-0.500	1.000	1069.44201660
-0.100	-0.500	1.000	1088.36059570
0.000	-0.500	1.000	1080.02551270
0.100	-0.500	1.000	1048.69616699
0.200	-0.500	1.000	1001.76721191
0.300	-0.500	1.000	948.40826416
0.400	-0.500	1.000	897.94903564
0.500	-0.500	1.000	858.32006836
0.600	-0.500	1.000	834.81390381
0.700	-0.500	1.000	829.35681152
0.800	-0.500	1.000	840.39093018
0.900	-0.500	1.000	863.36932373
1.000	-0.500	1.000	891.76794434
-1.000	-0.400	1.000	478.56195068
-0.900	-0.400	1.000	520.87915039
-0.800	-0.400	1.000	586.15802002
-0.700	-0.400	1.000	672.13165283
-0.600	-0.400	1.000	773.08453369
-0.500	-0.400	1.000	880.32940674
-0.400	-0.400	1.000	983.35687256
-0.300	-0.400	1.000	1071.48510742
-0.200	-0.400	1.000	1135.69299316
-0.100	-0.400	1.000	1170.23864746
0.000	-0.400	1.000	1173.69604492
0.100	-0.400	1.000	1149.16870117
0.200	-0.400	1.000	1103.63781738
0.300	-0.400	1.000	1046.60498047
0.400	-0.400	1.000	988.32904053
0.500	-0.400	1.000	938.02307129
0.600	-0.400	1.000	902.34698486
0.700	-0.400	1.000	884.45416260
0.800	-0.400	1.000	883.73046875
0.900	-0.400	1.000	896.23687744
1.000	-0.400	1.000	915.73901367
-1.000	-0.300	1.000	478.68713379
-0.900	-0.300	1.000	519.16430664
-0.800	-0.300	1.000	584.68719482
-0.700	-0.300	1.000	674.21478271
-0.600	-0.300	1.000	782.83428955
-0.500	-0.300	1.000	902.01464844
-0.400	-0.300	1.000	1020.64367676
-0.300	-0.300	1.000	1126.71264648
-0.200	-0.300	1.000	1209.33593750
-0.100	-0.300	1.000	1260.67651367
0.000	-0.300	1.000	1277.34326172
0.100	-0.300	1.000	1260.93811035
0.200	-0.300	1.000	1217.63391113
0.300	-0.300	1.000	1156.89599609
0.400	-0.300	1.000	1089.64636230
0.500	-0.300	1.000	1026.26940918
0.600	-0.300	1.000	974.86236572
0.700	-0.300	1.000	940.04724121
0.800	-0.300	1.000	922.53088379
0.900	-0.300	1.000	919.43841553
1.000	-0.300	1.000	925.29290771
-1.000	-0.200	1.000	488.18981934
-0.900	-0.200	1.000	526.24426270
-0.800	-0.200	1.000	591.02209473
-0.700	-0.200	1.000	682.77966309
-0.600	-0.200	1.000	797.57757568
-0.500	-0.200	1.000	927.28851318
-0.400	-0.200	1.000	1060.47387695
-0.300	-0.200	1.000	1184.03759766
-0.200	-0.200	1.000	1285.36547852
-0.100	-0.200	1.000	1354.50866699
0.000	-0.200	1.000	1385.92517090
0.100	-0.200	1.000	1379.38537598
0.200	-0.200	1.000	1339.84082031
0.300	-0.200	1.000	1276.30871582
0.400	-0.200	1.000	1200.04614258
0.500	-0.200	1.000	1122.43286133
0.600	-0.200	1.000	1053.01074219
0.700	-0.200	1.000	998.05975342
0.800	-0.200	1.000	959.94055176
0.900	-0.200	1.000	937.25939941
1.000	-0.200	1.000	925.73071289
-1.000	-0.100	1.000	505.10488892
-0.900	-0.100	1.000	539.92987061
-0.800	-0.100	1.000	602.64477539
-0.700	-0.100	1.000	694.84454346
-0.600	-0.100	1.000	813.72723389
-0.500	-0.100	1.000	951.84020996
-0.400	-0.100	1.000	1097.74926758
-0.300	-0.100	1.000	1237.59191895
-0.200	-0.100	1.000	1357.26110840
-0.100	-0.100	1.000	1444.78063965
0.000	-0.100	1.000	1492.36206055
0.100	-0.100	1.000	1497.67724609
0.200	-0.100	1.000	1464.07104492
0.300	-0.100	1.000	1399.68872070
0.400	-0.100	1.000	1315.74951172
0.500	-0.100	1.000	1224.37878418
0.600	-0.100	1.000	1136.48168945
0.700	-0.100	1.000	1060.08581543
0.800	-0.100	1.000	999.43841553
0.900	-0.100	1.000	954.94702148
1.000	-0.100	1.000	923.86315918
-1.000	0.000	1.000	527.07666016
-0.900	0.000	1.000	557.78601074
-0.800	0.000	1.000	616.90667725
-0.700	0.000	1.000	707.36975098
-0.600	0.000	1.000	827.65374756
-0.500	0.000	1.000	971.26080322
-0.400	0.000	1.000	1127.13647461
-0.300	0.000	1.000	1281.05493164
-0.200	0.000	1.000	1417.76245117
-0.100	0.000	1.000	1523.47241211
0.000	0.000	1.000	1588.18371582
0.100	0.000	1.000	1607.31457520
0.200	0.000	1.000	1582.29113770
0.300	0.000	1.000	1519.98657227
0.400	0.000	1.000	1431.17871094
0.500	0.000	1.000	1328.41052246
0.600	0.000	1.000	1223.75061035
0.700	0.000	1.000	1126.92285156
0.800	0.000	1.000	1044.14123535
0.900	0.000	1.000	977.78851318
1.000	0.000	1.000	926.86755371
-1.000	0.100	1.000	552.13043213
-0.900	0.100	1.000	577.86590576
-0.800	0.100	1.000	631.73913574
-0.700	0.100	1.000	717.96466064
-0.600	0.100	1.000	836.41082764
-0.500	0.100	1.000	981.80682373
-0.400	0.100	1.000	1143.88244629
-0.300	0.100	1.000	1308.52185059
-0.200	0.100	1.000	1459.78527832
-0.100	0.100	1.000	1582.43676758
0.000	0.100	1.000	1664.45825195
0.100	0.100	1.000	1699.00756836
0.200	0.100	1.000	1685.39331055
0.300	0.100	1.000	1628.87353516
0.400	0.100	1.000	1539.36901855
0.500	0.100	1.000	1429.43298340
0.600	0.100	1.000	1311.96301270
0.700	0.100	1.000	1198.15539551
0.800	0.100	1.000	1096.08557129
0.900	0.100	1.000	1010.10314941
1.000	0.100	1.000	941.01934814
-1.000	0.200	1.000	579.31121826
-0.900	0.200	1.000	599.27441406
-0.800	0.200	1.000	646.16760254
-0.700	0.200	1.000	725.39093018
-0.600	0.200	1.000	838.27069092
-0.500	0.200	1.000	981.01110840
-0.400	0.200	1.000	1144.53564453
-0.300	0.200	1.000	1315.35852051
-0.200	0.200	1.000	1477.40917969
-0.100	0.200	1.000	1614.50231934
0.000	0.200	1.000	1712.96374512
0.100	0.200	1.000	1763.85327148
0.200	0.200	1.000	1764.30322266
0.300	0.200	1.000	1717.69689941
0.400	0.200	1.000	1632.69506836
0.500	0.200	1.000	1521.38806152
0.600	0.200	1.000	1397.03686523
0.700	0.200	1.000	1271.90979004
0.800	0.200	1.000	1155.64025879
0.900	0.200	1.000	1054.34533691
1.000	0.200	1.000	970.53717041
-1.000	0.300	1.000	608.95855713
-0.900	0.300	1.000	622.37414551
-0.800	0.300	1.000	660.48571777
-0.700	0.300	1.000	729.75036621
-0.600	0.300	1.000	832.98046875
-0.500	0.300	1.000	968.06225586
-0.400	0.300	1.000	1127.49645996
-0.300	0.300	1.000	1298.95507812
-0.200	0.300	1.000	1466.84472656
-0.100	0.300	1.000	1614.63366699
0.000	0.300	1.000	1727.49548340
0.100	0.300	1.000	1794.71423340
0.200	0.300	1.000	1811.33544922
0.300	0.300	1.000	1778.71435547
0.400	0.300	1.000	1703.88916016
0.500	0.300	1.000	1597.98352051
0.600	0.300	1.000	1474.05554199
0.700	0.300	1.000	1344.89453125
0.800	0.300	1.000	1221.21276855
0.900	0.300	1.000	1110.52075195
1.000	0.300	1.000	1016.77343750
-1.000	0.400	1.000	642.47485352
-0.900	0.400	1.000	648.53387451
-0.800	0.400	1.000	676.01953125
-0.700	0.400	1.000	732.31103516
-0.600	0.400	1.000	821.69848633
-0.500	0.400	1.000	943.90112305
-0.400	0.400	1.000	1093.31970215
-0.300	0.400	1.000	1259.26696777
-0.200	0.400	1.000	1427.22705078
-0.100	0.400	1.000	1580.96557617
0.000	0.400	1.000	1705.09692383
0.100	0.400	1.000	1787.57751465
0.200	0.400	1.000	1821.59130859
0.300	0.400	1.000	1806.43115234
0.400	0.400	1.000	1747.22717285
0.500	0.400	1.000	1653.65026855
0.600	0.400	1.000	1537.94848633
0.700	0.400	1.000	1412.78918457
0.800	0.400	1.000	1289.36230469
0.900	0.400	1.000	1176.06750488
1.000	0.400	1.000	1077.92797852
-1.000	0.500	1.000	681.60467529
-0.900	0.500	1.000	679.45428467
-0.800	0.500	1.000	694.52923584
-0.700	0.500	1.000	735.01037598
-0.600	0.500	1.000	806.62847900
-0.500	0.500	1.000	911.01568604
-0.400	0.500	1.000	1044.69909668
-0.300	0.500	1.000	1199.01477051
-0.200	0.500	1.000	1361.04479980
-0.100	0.500	1.000	1515.45874023
0.000	0.500	1.000	1646.92211914
0.100	0.500	1.000	1742.57958984
0.200	0.500	1.000	1794.08557129
0.300	0.500	1.000	1798.75756836
0.400	0.500	1.000	1759.64270020
0.500	0.500	1.000	1684.55249023
0.600	0.500	1.000	1584.35290527
0.700	0.500	1.000	1470.93835449
0.800	0.500	1.000	1355.33068848
0.900	0.500	1.000	1246.25048828
1.000	0.500	1.000	1149.34790039
-1.000	0.600	1.000	727.43206787
-0.900	0.600	1.000	716.26562500
-0.800	0.600	1.000	717.41632080
-0.700	0.600	1.000	739.77435303
-0.600	0.600	1.000	790.44628906
-0.500	0.600	1.000	872.97460938
-0.400	0.600	1.000	986.11187744
-0.300	0.600	1.000	1123.44958496
-0.200	0.600	1.000	1274.04211426
-0.100	0.600	1.000	1423.95434570
0.000	0.600	1.000	1558.45104980
0.100	0.600	1.000	1664.38366699
0.200	0.600	1.000	1732.27368164
0.300	0.600	1.000	1757.66210938
0.400	0.600	1.000	1741.47521973
0.500	0.600	1.000	1689.39526367
0.600	0.600	1.000	1610.45031738
0.700	0.600	1.000	1515.19250488
0.800	0.600	1.000	1413.87524414
0.900	0.600	1.000	1314.98449707
1.000	0.600	1.000	1224.34729004
-1.000	0.700	1.000	779.44207764
-0.900	0.700	1.000	758.70538330
-0.800	0.700	1.000	745.00244141
-0.700	0.700	1.000	747.86651611
-0.600	0.700	1.000	775.68341064
-0.500	0.700	1.000	833.81109619
-0.400	0.700	1.000	923.18084717
-0.300	0.700	1.000	1039.68945312
-0.200	0.700	1.000	1174.54418945
-0.100	0.700	1.000	1315.52160645
0.000	0.700	1.000	1448.90612793
0.100	0.700	1.000	1561.71508789
0.200	0.700	1.000	1643.75207520
0.300	0.700	1.000	1689.07299805
0.400	0.700	1.000	1696.59326172
0.500	0.700	1.000	1669.77453613
0.600	0.700	1.000	1615.53222656
0.700	0.700	1.000	1542.66748047
0.800	0.700	1.000	1460.19128418
0.900	0.700	1.000	1375.88635254
1.000	0.700	1.000	1295.35607910
-1.000	0.800	1.000	835.01879883
-0.900	0.800	1.000	804.69854736
-0.800	0.800	1.000	776.15167236
-0.700	0.800	1.000	759.49627686
-0.600	0.800	1.000	764.25866699
-0.500	0.800	1.000	797.42089844
-0.400	0.800	1.000	861.89770508
-0.300	0.800	1.000	955.75244141
-0.200	0.800	1.000	1072.31640625
-0.100	0.800	1.000	1201.19079590
0.000	0.800	1.000	1329.93298340
0.100	0.800	1.000	1446.08215332
0.200	0.800	1.000	1539.11865234
0.300	0.800	1.000	1601.96899414
0.400	0.800	1.000	1631.78881836
0.500	0.800	1.000	1629.92028809
0.600	0.800	1.000	1601.10791016
0.700	0.800	1.000	1552.20422363
0.800	0.800	1.000	1490.68701172
0.900	0.800	1.000	1423.30895996
1.000	0.800	1.000	1355.14331055
-1.000	0.900	1.000	889.63037109
-0.900	0.900	1.000	850.55139160
-0.800	0.900	1.000	808.41400146
-0.700	0.900	1.000	773.84222412
-0.600	0.900	1.000	757.30847168
-0.500	0.900	1.000	767.13385010
-0.400	0.900	1.000	807.88946533
-0.300	0.900	1.000	879.49920654
-0.200	0.900	1.000	977.19891357
-0.100	0.900	1.000	1092.33410645
0.000	0.900	1.000	1213.81689453
0.100	0.900	1.000	1329.94482422
0.200	0.900	1.000	1430.22082520
0.300	0.900	1.000	1506.83471680
0.400	0.900	1.000	1555.54809570
0.500	0.900	1.000	1575.86340332
0.600	0.900	1.000	1570.50939941
0.700	0.900	1.000	1544.41418457
0.800	0.900	1.000	1503.43444824
0.900	0.900	1.000	1453.13342285
1.000	0.900	1.000	1397.86889648
-1.000	1.000	1.000	937.71600342
-0.900	1.000	1.000	891.75665283
-0.800	1.000	1.000	838.68310547
-0.700	1.000	1.000	789.49511719
-0.600	1.000	1.000	755.35107422
-0.500	1.000	1.000	745.54547119
-0.400	1.000	1.000	765.87866211
-0.300	1.000	1.000	817.70788574
-0.200	1.000	1.000	897.81420898
-0.100	1.000	1.000	999.05609131
0.000	1.000	1.000	1111.64221191
0.100	1.000	1.000	1224.75366211
0.200	1.000	1.000	1328.20556641
0.300	1.000	1.000	1413.85253906
0.400	1.000	1.000	1476.50671387
0.500	1.000	1.000	1514.24682617
0.600	1.000	1.000	1528.11694336
0.700	1.000	1.000	1521.33642578
0.800	1.000	1.000	1498.23840332
0.900	1.000	1.000	1463.19580078
1.000	1.000	1.000	1419.78735352
