-1.000	-1.000	0.000	1.00708032
-0.900	-1.000	0.000	1.00689948
-0.800	-1.000	0.000	1.00714624
-0.700	-1.000	0.000	1.00720549
-0.600	-1.000	0.000	1.00743091
-0.500	-1.000	0.000	1.00762594
-0.400	-1.000	0.000	1.00795162
-0.300	-1.000	0.000	1.00807011
-0.200	-1.000	0.000	1.00880587
-0.100	-1.000	0.000	1.00903678
0.000	-1.000	0.000	1.00996315
0.100	-1.000	0.000	1.01063061
0.200	-1.000	0.000	1.01183701
0.300	-1.000	0.000	1.01301622
0.400	-1.000	0.000	1.01493037
0.500	-1.000	0.000	1.01650250
0.600	-1.000	0.000	1.01810539
0.700	-1.000	0.000	1.02008331
0.800	-1.000	0.000	1.02317667
0.900	-1.000	0.000	1.02431345
1.000	-1.000	0.000	1.02786756
-1.000	-0.900	0.000	1.00885296
-0.900	-0.900	0.000	1.00833166
-0.800	-0.900	0.000	1.00843382
-0.700	-0.900	0.000	1.00815916
-0.600	-0.900	0.000	1.00817645
-0.500	-0.900	0.000	1.00795114
-0.400	-0.900	0.000	1.00801432
-0.300	-0.900	0.000	1.00797880
-0.200	-0.900	0.000	1.00848389
-0.100	-0.900	0.000	1.00853789
0.000	-0.900	0.000	1.00925684
0.100	-0.900	0.000	1.00983906
0.200	-0.900	0.000	1.01119483
0.300	-0.900	0.000	1.01204407
0.400	-0.900	0.000	1.01361454
0.500	-0.900	0.000	1.01552427
0.600	-0.900	0.000	1.01761317
0.700	-0.900	0.000	1.01888800
0.800	-0.900	0.000	1.02252150
0.900	-0.900	0.000	1.02382636
1.000	-0.900	0.000	1.02790165
-1.000	-0.800	0.000	1.00913012
-0.900	-0.800	0.000	1.00852084
-0.800	-0.800	0.000	1.00855768
-0.700	-0.800	0.000	1.00814521
-0.600	-0.800	0.000	1.00806201
-0.500	-0.800	0.000	1.00784302
-0.400	-0.800	0.000	1.00799143
-0.300	-0.800	0.000	1.00792515
-0.200	-0.800	0.000	1.00835633
-0.100	-0.800	0.000	1.00842857
0.000	-0.800	0.000	1.00920582
0.100	-0.800	0.000	1.00960958
0.200	-0.800	0.000	1.01107085
0.300	-0.800	0.000	1.01182163
0.400	-0.800	0.000	1.01303804
0.500	-0.800	0.000	1.01465154
0.600	-0.800	0.000	1.01713872
0.700	-0.800	0.000	1.01814771
0.800	-0.800	0.000	1.02104306
0.900	-0.800	0.000	1.02216804
1.000	-0.800	0.000	1.02671373
-1.000	-0.700	0.000	1.01063788
-0.900	-0.700	0.000	1.00975442
-0.800	-0.700	0.000	1.00962794
-0.700	-0.700	0.000	1.00893557
-0.600	-0.700	0.000	1.00880802
-0.500	-0.700	0.000	1.00852454
-0.400	-0.700	0.000	1.00854051
-0.300	-0.700	0.000	1.00829327
-0.200	-0.700	0.000	1.00857651
-0.100	-0.700	0.000	1.00855386
0.000	-0.700	0.000	1.00929785
0.100	-0.700	0.000	1.00944269
0.200	-0.700	0.000	1.01064968
0.300	-0.700	0.000	1.01148045
0.400	-0.700	0.000	1.01310289
0.500	-0.700	0.000	1.01396382
0.600	-0.700	0.000	1.01616204
0.700	-0.700	0.000	1.01745343
0.800	-0.700	0.000	1.02048087
0.900	-0.700	0.000	1.02110648
1.000	-0.700	0.000	1.02572501
-1.000	-0.600	0.000	1.01087964
-0.900	-0.600	0.000	1.00989819
-0.800	-0.600	0.000	1.00966930
-0.700	-0.600	0.000	1.00902176
-0.600	-0.600	0.000	1.00891852
-0.500	-0.600	0.000	1.00860786
-0.400	-0.600	0.000	1.00855780
-0.300	-0.600	0.000	1.00832999
-0.200	-0.600	0.000	1.00872791
-0.100	-0.600	0.000	1.00864017
0.000	-0.600	0.000	1.00929487
0.100	-0.600	0.000	1.00940621
0.200	-0.600	0.000	1.01047599
0.300	-0.600	0.000	1.01113892
0.400	-0.600	0.000	1.01272452
0.500	-0.600	0.000	1.01329064
0.600	-0.600	0.000	1.01514411
0.700	-0.600	0.000	1.01600778
0.800	-0.600	0.000	1.01931298
0.900	-0.600	0.000	1.02004051
1.000	-0.600	0.000	1.02409029
-1.000	-0.500	0.000	1.01205242
-0.900	-0.500	0.000	1.01080930
-0.800	-0.500	0.000	1.01056874
-0.700	-0.500	0.000	1.00976861
-0.600	-0.500	0.000	1.00957453
-0.500	-0.500	0.000	1.00916040
-0.400	-0.500	0.000	1.00908566
-0.300	-0.500	0.000	1.00892317
-0.200	-0.500	0.000	1.00935197
-0.100	-0.500	0.000	1.00909293
0.000	-0.500	0.000	1.00959826
0.100	-0.500	0.000	1.00973964
0.200	-0.500	0.000	1.01078439
0.300	-0.500	0.000	1.01109540
0.400	-0.500	0.000	1.01236582
0.500	-0.500	0.000	1.01312387
0.600	-0.500	0.000	1.01473987
0.700	-0.500	0.000	1.01528358
0.800	-0.500	0.000	1.01842809
0.900	-0.500	0.000	1.01915216
1.000	-0.500	0.000	1.02292418
-1.000	-0.400	0.000	1.01219904
-0.900	-0.400	0.000	1.01099586
-0.800	-0.400	0.000	1.01074648
-0.700	-0.400	0.000	1.00991261
-0.600	-0.400	0.000	1.00981319
-0.500	-0.400	0.000	1.00950170
-0.400	-0.400	0.000	1.00955057
-0.300	-0.400	0.000	1.00954998
-0.200	-0.400	0.000	1.00984907
-0.100	-0.400	0.000	1.00954366
0.000	-0.400	0.000	1.01011765
0.100	-0.400	0.000	1.01020765
0.200	-0.400	0.000	1.01105630
0.300	-0.400	0.000	1.01119661
0.400	-0.400	0.000	1.01238251
0.500	-0.400	0.000	1.01296902
0.600	-0.400	0.000	1.01439643
0.700	-0.400	0.000	1.01485491
0.800	-0.400	0.000	1.01749933
0.900	-0.400	0.000	1.01792777
1.000	-0.400	0.000	1.02171326
-1.000	-0.300	0.000	1.01305699
-0.900	-0.300	0.000	1.01178408
-0.800	-0.300	0.000	1.01144314
-0.700	-0.300	0.000	1.01066196
-0.600	-0.300	0.000	1.01068699
-0.500	-0.300	0.000	1.01030493
-0.400	-0.300	0.000	1.01032388
-0.300	-0.300	0.000	1.01019895
-0.200	-0.300	0.000	1.01034141
-0.100	-0.300	0.000	1.01013672
0.000	-0.300	0.000	1.01071262
0.100	-0.300	0.000	1.01060307
0.200	-0.300	0.000	1.01119590
0.300	-0.300	0.000	1.01139104
0.400	-0.300	0.000	1.01242661
0.500	-0.300	0.000	1.01275051
0.600	-0.300	0.000	1.01410913
0.700	-0.300	0.000	1.01470339
0.800	-0.300	0.000	1.01678991
0.900	-0.300	0.000	1.01718724
1.000	-0.300	0.000	1.02081954
-1.000	-0.200	0.000	1.01314652
-0.900	-0.200	0.000	1.01192975
-0.800	-0.200	0.000	1.01171875
-0.700	-0.200	0.000	1.01107597
-0.600	-0.200	0.000	1.01103222
-0.500	-0.200	0.000	1.01067162
-0.400	-0.200	0.000	1.01064825
-0.300	-0.200	0.000	1.01049042
-0.200	-0.200	0.000	1.01071167
-0.100	-0.200	0.000	1.01057637
0.000	-0.200	0.000	1.01099396
0.100	-0.200	0.000	1.01080239
0.200	-0.200	0.000	1.01132154
0.300	-0.200	0.000	1.01167166
0.400	-0.200	0.000	1.01240695
0.500	-0.200	0.000	1.01278162
0.600	-0.200	0.000	1.01385975
0.700	-0.200	0.000	1.01451147
0.800	-0.200	0.000	1.01626432
0.900	-0.200	0.000	1.01660538
1.000	-0.200	0.000	1.01974475
-1.000	-0.100	0.000	1.01387215
-0.900	-0.100	0.000	1.01272666
-0.800	-0.100	0.000	1.01256573
-0.700	-0.100	0.000	1.01180601
-0.600	-0.100	0.000	1.01165104
-0.500	-0.100	0.000	1.01126122
-0.400	-0.100	0.000	1.01114631
-0.300	-0.100	0.000	1.01095879
-0.200	-0.100	0.000	1.01116073
-0.100	-0.100	0.000	1.01101649
0.000	-0.100	0.000	1.01124442
0.100	-0.100	0.000	1.01105344
0.200	-0.100	0.000	1.01158667
0.300	-0.100	0.000	1.01187682
0.400	-0.100	0.000	1.01242435
0.500	-0.100	0.000	1.01297271
0.600	-0.100	0.000	1.01377177
0.700	-0.100	0.000	1.01434207
0.800	-0.100	0.000	1.01592982
0.900	-0.100	0.000	1.01626170
1.000	-0.100	0.000	1.01891696
-1.000	0.000	0.000	1.01404011
-0.900	0.000	0.000	1.01298583
-0.800	0.000	0.000	1.01280129
-0.700	0.000	0.000	1.01205003
-0.600	0.000	0.000	1.01191044
-0.500	0.000	0.000	1.01151943
-0.400	0.000	0.000	1.01133394
-0.300	0.000	0.000	1.01114500
-0.200	0.000	0.000	1.01132226
-0.100	0.000	0.000	1.01118672
0.000	0.000	0.000	1.01125610
0.100	0.000	0.000	1.01109946
0.200	0.000	0.000	1.01156294
0.300	0.000	0.000	1.01186252
0.400	0.000	0.000	1.01236188
0.500	0.000	0.000	1.01318288
0.600	0.000	0.000	1.01374030
0.700	0.000	0.000	1.01439714
0.800	0.000	0.000	1.01567388
0.900	0.000	0.000	1.01604819
1.000	0.000	0.000	1.01816034
-1.000	0.100	0.000	1.01469254
-0.900	0.100	0.000	1.01365924
-0.800	0.100	0.000	1.01342416
-0.700	0.100	0.000	1.01275384
-0.600	0.100	0.000	1.01250744
-0.500	0.100	0.000	1.01207423
-0.400	0.100	0.000	1.01186812
-0.300	0.100	0.000	1.01174092
-0.200	0.100	0.000	1.01181793
-0.100	0.100	0.000	1.01157355
0.000	0.100	0.000	1.01158786
0.100	0.100	0.000	1.01147950
0.200	0.100	0.000	1.01187336
0.300	0.100	0.000	1.01224661
0.400	0.100	0.000	1.01271021
0.500	0.100	0.000	1.01365602
0.600	0.100	0.000	1.01394260
0.700	0.100	0.000	1.01475847
0.800	0.100	0.000	1.01555860
0.900	0.100	0.000	1.01601124
1.000	0.100	0.000	1.01755548
-1.000	0.200	0.000	1.01470661
-0.900	0.200	0.000	1.01372683
-0.800	0.200	0.000	1.01354504
-0.700	0.200	0.000	1.01288640
-0.600	0.200	0.000	1.01249301
-0.500	0.200	0.000	1.01208699
-0.400	0.200	0.000	1.01194572
-0.300	0.200	0.000	1.01180840
-0.200	0.200	0.000	1.01169443
-0.100	0.200	0.000	1.01143503
0.000	0.200	0.000	1.01147175
0.100	0.200	0.000	1.01147246
0.200	0.200	0.000	1.01179767
0.300	0.200	0.000	1.01226652
0.400	0.200	0.000	1.01261377
0.500	0.200	0.000	1.01370239
0.600	0.200	0.000	1.01376319
0.700	0.200	0.000	1.01474655
0.800	0.200	0.000	1.01502597
0.900	0.200	0.000	1.01551604
1.000	0.200	0.000	1.01647222
-1.000	0.300	0.000	1.01513505
-0.900	0.300	0.000	1.01427054
-0.800	0.300	0.000	1.01409113
-0.700	0.300	0.000	1.01335180
-0.600	0.300	0.000	1.01289022
-0.500	0.300	0.000	1.01269221
-0.400	0.300	0.000	1.01257920
-0.300	0.300	0.000	1.01231730
-0.200	0.300	0.000	1.01219285
-0.100	0.300	0.000	1.01208377
0.000	0.300	0.000	1.01213765
0.100	0.300	0.000	1.01209104
0.200	0.300	0.000	1.01236844
0.300	0.300	0.000	1.01288533
0.400	0.300	0.000	1.01301491
0.500	0.300	0.000	1.01413751
0.600	0.300	0.000	1.01393628
0.700	0.300	0.000	1.01492023
0.800	0.300	0.000	1.01470363
0.900	0.300	0.000	1.01511228
1.000	0.300	0.000	1.01535285
-1.000	0.400	0.000	1.01492178
-0.900	0.400	0.000	1.01411963
-0.800	0.400	0.000	1.01383042
-0.700	0.400	0.000	1.01302791
-0.600	0.400	0.000	1.01260686
-0.500	0.400	0.000	1.01244819
-0.400	0.400	0.000	1.01207745
-0.300	0.400	0.000	1.01173079
-0.200	0.400	0.000	1.01168251
-0.100	0.400	0.000	1.01163971
0.000	0.400	0.000	1.01147389
0.100	0.400	0.000	1.01142681
0.200	0.400	0.000	1.01170504
0.300	0.400	0.000	1.01221621
0.400	0.400	0.000	1.01229501
0.500	0.400	0.000	1.01343036
0.600	0.400	0.000	1.01297390
0.700	0.400	0.000	1.01398003
0.800	0.400	0.000	1.01334679
0.900	0.400	0.000	1.01379573
1.000	0.400	0.000	1.01359999
-1.000	0.500	0.000	1.01534188
-0.900	0.500	0.000	1.01470566
-0.800	0.500	0.000	1.01441216
-0.700	0.500	0.000	1.01387084
-0.600	0.500	0.000	1.01339281
-0.500	0.500	0.000	1.01306927
-0.400	0.500	0.000	1.01264513
-0.300	0.500	0.000	1.01251829
-0.200	0.500	0.000	1.01251018
-0.100	0.500	0.000	1.01227140
0.000	0.500	0.000	1.01197410
0.100	0.500	0.000	1.01201379
0.200	0.500	0.000	1.01212084
0.300	0.500	0.000	1.01243472
0.400	0.500	0.000	1.01242745
0.500	0.500	0.000	1.01337373
0.600	0.500	0.000	1.01257110
0.700	0.500	0.000	1.01347959
0.800	0.500	0.000	1.01246023
0.900	0.500	0.000	1.01286626
1.000	0.500	0.000	1.01218557
-1.000	0.600	0.000	1.01508737
-0.900	0.600	0.000	1.01437318
-0.800	0.600	0.000	1.01393580
-0.700	0.600	0.000	1.01341581
-0.600	0.600	0.000	1.01262426
-0.500	0.600	0.000	1.01219893
-0.400	0.600	0.000	1.01189411
-0.300	0.600	0.000	1.01182437
-0.200	0.600	0.000	1.01157475
-0.100	0.600	0.000	1.01115072
0.000	0.600	0.000	1.01088297
0.100	0.600	0.000	1.01093149
0.200	0.600	0.000	1.01085925
0.300	0.600	0.000	1.01112974
0.400	0.600	0.000	1.01092851
0.500	0.600	0.000	1.01171935
0.600	0.600	0.000	1.01101065
0.700	0.600	0.000	1.01193392
0.800	0.600	0.000	1.01087689
0.900	0.600	0.000	1.01125038
1.000	0.600	0.000	1.01037085
-1.000	0.700	0.000	1.01535416
-0.900	0.700	0.000	1.01469326
-0.800	0.700	0.000	1.01428485
-0.700	0.700	0.000	1.01387215
-0.600	0.700	0.000	1.01304543
-0.500	0.700	0.000	1.01280928
-0.400	0.700	0.000	1.01264572
-0.300	0.700	0.000	1.01242483
-0.200	0.700	0.000	1.01196468
-0.100	0.700	0.000	1.01152885
0.000	0.700	0.000	1.01125216
0.100	0.700	0.000	1.01121175
0.200	0.700	0.000	1.01096606
0.300	0.700	0.000	1.01118135
0.400	0.700	0.000	1.01076174
0.500	0.700	0.000	1.01143539
0.600	0.700	0.000	1.01072133
0.700	0.700	0.000	1.01154923
0.800	0.700	0.000	1.01024818
0.900	0.700	0.000	1.01056445
1.000	0.700	0.000	1.00945258
-1.000	0.800	0.000	1.01467049
-0.900	0.800	0.000	1.01405430
-0.800	0.800	0.000	1.01363695
-0.700	0.800	0.000	1.01314628
-0.600	0.800	0.000	1.01207411
-0.500	0.800	0.000	1.01192796
-0.400	0.800	0.000	1.01144099
-0.300	0.800	0.000	1.01086926
-0.200	0.800	0.000	1.01032746
-0.100	0.800	0.000	1.00995636
0.000	0.800	0.000	1.00960565
0.100	0.800	0.000	1.00946116
0.200	0.800	0.000	1.00916493
0.300	0.800	0.000	1.00934291
0.400	0.800	0.000	1.00892317
0.500	0.800	0.000	1.00964296
0.600	0.800	0.000	1.00906837
0.700	0.800	0.000	1.00973988
0.800	0.800	0.000	1.00853705
0.900	0.800	0.000	1.00894499
1.000	0.800	0.000	1.00791419
-1.000	0.900	0.000	1.01493371
-0.900	0.900	0.000	1.01450443
-0.800	0.900	0.000	1.01400054
-0.700	0.900	0.000	1.01343298
-0.600	0.900	0.000	1.01243484
-0.500	0.900	0.000	1.01228046
-0.400	0.900	0.000	1.01159453
-0.300	0.900	0.000	1.01108921
-0.200	0.900	0.000	1.01058424
-0.100	0.900	0.000	1.01018524
0.000	0.900	0.000	1.00974786
0.100	0.900	0.000	1.00959265
0.200	0.900	0.000	1.00927305
0.300	0.900	0.000	1.00935280
0.400	0.900	0.000	1.00886106
0.500	0.900	0.000	1.00961733
0.600	0.900	0.000	1.00890899
0.700	0.900	0.000	1.00942290
0.800	0.900	0.000	1.00825250
0.900	0.900	0.000	1.00868332
1.000	0.900	0.000	1.00746369
-1.000	1.000	0.000	1.01394808
-0.900	1.000	0.000	1.01377618
-0.800	1.000	0.000	1.01287770
-0.700	1.000	0.000	1.01228285
-0.600	1.000	0.000	1.01124299
-0.500	1.000	0.000	1.01086545
-0.400	1.000	0.000	1.00991225
-0.300	1.000	0.000	1.00937879
-0.200	1.000	0.000	1.00874805
-0.100	1.000	0.000	1.00826776
0.000	1.000	0.000	1.00781190
0.100	1.000	0.000	1.00769591
0.200	1.000	0.000	1.00736070
0.300	1.000	0.000	1.00744820
0.400	1.000	0.000	1.00705433
0.500	1.000	0.000	1.00778675
0.600	1.000	0.000	1.00721085
0.700	1.000	0.000	1.00779033
0.800	1.000	0.000	1.00687397
0.900	1.000	0.000	1.00731981
1.000	1.000	0.000	1.00622869
