-1.000	-1.000	0.000	-0.10979706
-0.900	-1.000	0.000	-0.10886376
-0.800	-1.000	0.000	-0.09641901
-0.700	-1.000	0.000	-0.08829559
-0.600	-1.000	0.000	-0.07113539
-0.500	-1.000	0.000	-0.06144628
-0.400	-1.000	0.000	-0.03876792
-0.300	-1.000	0.000	-0.02491431
-0.200	-1.000	0.000	-0.00018456
-0.100	-1.000	0.000	0.01678619
0.000	-1.000	0.000	0.03767421
0.100	-1.000	0.000	0.04977322
0.200	-1.000	0.000	0.06279622
0.300	-1.000	0.000	0.07055882
0.400	-1.000	0.000	0.07635036
0.500	-1.000	0.000	0.07604460
0.600	-1.000	0.000	0.07262987
0.700	-1.000	0.000	0.06873452
0.800	-1.000	0.000	0.05180825
0.900	-1.000	0.000	0.04993666
1.000	-1.000	0.000	0.03036635
-1.000	-0.900	0.000	-0.12615412
-0.900	-0.900	0.000	-0.13071114
-0.800	-0.900	0.000	-0.12057492
-0.700	-0.900	0.000	-0.11222923
-0.600	-0.900	0.000	-0.09489769
-0.500	-0.900	0.000	-0.08557934
-0.400	-0.900	0.000	-0.06373631
-0.300	-0.900	0.000	-0.04894195
-0.200	-0.900	0.000	-0.02383099
-0.100	-0.900	0.000	-0.00476360
0.000	-0.900	0.000	0.01728999
0.100	-0.900	0.000	0.03381756
0.200	-0.900	0.000	0.04981413
0.300	-0.900	0.000	0.05966729
0.400	-0.900	0.000	0.07105780
0.500	-0.900	0.000	0.07510684
0.600	-0.900	0.000	0.07240661
0.700	-0.900	0.000	0.07277241
0.800	-0.900	0.000	0.05841074
0.900	-0.900	0.000	0.05844554
1.000	-0.900	0.000	0.03911741
-1.000	-0.800	0.000	-0.13061051
-0.900	-0.800	0.000	-0.13460784
-0.800	-0.800	0.000	-0.12472112
-0.700	-0.800	0.000	-0.11759642
-0.600	-0.800	0.000	-0.10173479
-0.500	-0.800	0.000	-0.09271437
-0.400	-0.800	0.000	-0.07155811
-0.300	-0.800	0.000	-0.05815635
-0.200	-0.800	0.000	-0.03352572
-0.100	-0.800	0.000	-0.01358439
0.000	-0.800	0.000	0.00779693
0.100	-0.800	0.000	0.02587860
0.200	-0.800	0.000	0.04399732
0.300	-0.800	0.000	0.05429507
0.400	-0.800	0.000	0.06722753
0.500	-0.800	0.000	0.07541839
0.600	-0.800	0.000	0.07265373
0.700	-0.800	0.000	0.07467517
0.800	-0.800	0.000	0.06259641
0.900	-0.800	0.000	0.06466442
1.000	-0.800	0.000	0.04555948
-1.000	-0.700	0.000	-0.14620082
-0.900	-0.700	0.000	-0.15375891
-0.800	-0.700	0.000	-0.14484477
-0.700	-0.700	0.000	-0.13912672
-0.600	-0.700	0.000	-0.12318005
-0.500	-0.700	0.000	-0.11334301
-0.400	-0.700	0.000	-0.09282015
-0.300	-0.700	0.000	-0.07768738
-0.200	-0.700	0.000	-0.05259987
-0.100	-0.700	0.000	-0.03163213
0.000	-0.700	0.000	-0.00724389
0.100	-0.700	0.000	0.01180993
0.200	-0.700	0.000	0.03308881
0.300	-0.700	0.000	0.04772745
0.400	-0.700	0.000	0.06001630
0.500	-0.700	0.000	0.07225846
0.600	-0.700	0.000	0.07308991
0.700	-0.700	0.000	0.07720415
0.800	-0.700	0.000	0.06706990
0.900	-0.700	0.000	0.07086705
1.000	-0.700	0.000	0.05213496
-1.000	-0.600	0.000	-0.15414172
-0.900	-0.600	0.000	-0.16130643
-0.800	-0.600	0.000	-0.15230405
-0.700	-0.600	0.000	-0.14775954
-0.600	-0.600	0.000	-0.13284184
-0.500	-0.600	0.000	-0.12302737
-0.400	-0.600	0.000	-0.10392819
-0.300	-0.600	0.000	-0.08955850
-0.200	-0.600	0.000	-0.06501812
-0.100	-0.600	0.000	-0.04348024
0.000	-0.600	0.000	-0.01812964
0.100	-0.600	0.000	0.00238201
0.200	-0.600	0.000	0.02433120
0.300	-0.600	0.000	0.04255171
0.400	-0.600	0.000	0.05568371
0.500	-0.600	0.000	0.06919927
0.600	-0.600	0.000	0.07344791
0.700	-0.600	0.000	0.08046754
0.800	-0.600	0.000	0.07240503
0.900	-0.600	0.000	0.07647047
1.000	-0.600	0.000	0.05890083
-1.000	-0.500	0.000	-0.16678934
-0.900	-0.500	0.000	-0.17634134
-0.800	-0.500	0.000	-0.16855150
-0.700	-0.500	0.000	-0.16522028
-0.600	-0.500	0.000	-0.14975125
-0.500	-0.500	0.000	-0.13889457
-0.400	-0.500	0.000	-0.12071621
-0.300	-0.500	0.000	-0.10561091
-0.200	-0.500	0.000	-0.08143864
-0.100	-0.500	0.000	-0.05876199
0.000	-0.500	0.000	-0.03227087
0.100	-0.500	0.000	-0.00930642
0.200	-0.500	0.000	0.01348147
0.300	-0.500	0.000	0.03518001
0.400	-0.500	0.000	0.05019810
0.500	-0.500	0.000	0.06517806
0.600	-0.500	0.000	0.07247986
0.700	-0.500	0.000	0.08178156
0.800	-0.500	0.000	0.07584417
0.900	-0.500	0.000	0.08024800
1.000	-0.500	0.000	0.06397412
-1.000	-0.400	0.000	-0.17416121
-0.900	-0.400	0.000	-0.18443267
-0.800	-0.400	0.000	-0.17702748
-0.700	-0.400	0.000	-0.17412415
-0.600	-0.400	0.000	-0.15948868
-0.500	-0.400	0.000	-0.14899823
-0.400	-0.400	0.000	-0.13222349
-0.300	-0.400	0.000	-0.11854202
-0.200	-0.400	0.000	-0.09485421
-0.100	-0.400	0.000	-0.07175611
0.000	-0.400	0.000	-0.04526924
0.100	-0.400	0.000	-0.01966983
0.200	-0.400	0.000	0.00395254
0.300	-0.400	0.000	0.02759091
0.400	-0.400	0.000	0.04505919
0.500	-0.400	0.000	0.06253854
0.600	-0.400	0.000	0.07126058
0.700	-0.400	0.000	0.08328915
0.800	-0.400	0.000	0.08004638
0.900	-0.400	0.000	0.08574340
1.000	-0.400	0.000	0.07157557
-1.000	-0.300	0.000	-0.18200089
-0.900	-0.300	0.000	-0.19364703
-0.800	-0.300	0.000	-0.18707590
-0.700	-0.300	0.000	-0.18545254
-0.600	-0.300	0.000	-0.17170841
-0.500	-0.300	0.000	-0.16143021
-0.400	-0.300	0.000	-0.14580548
-0.300	-0.300	0.000	-0.13273820
-0.200	-0.300	0.000	-0.10940425
-0.100	-0.300	0.000	-0.08528040
0.000	-0.300	0.000	-0.05801799
0.100	-0.300	0.000	-0.03002478
0.200	-0.300	0.000	-0.00559925
0.300	-0.300	0.000	0.01869204
0.400	-0.300	0.000	0.03897382
0.500	-0.300	0.000	0.05904391
0.600	-0.300	0.000	0.06755652
0.700	-0.300	0.000	0.08267429
0.800	-0.300	0.000	0.08254112
0.900	-0.300	0.000	0.08876832
1.000	-0.300	0.000	0.07629739
-1.000	-0.200	0.000	-0.18643174
-0.900	-0.200	0.000	-0.19900559
-0.800	-0.200	0.000	-0.19255589
-0.700	-0.200	0.000	-0.19152389
-0.600	-0.200	0.000	-0.17874558
-0.500	-0.200	0.000	-0.16895394
-0.400	-0.200	0.000	-0.15417977
-0.300	-0.200	0.000	-0.14303610
-0.200	-0.200	0.000	-0.12079312
-0.100	-0.200	0.000	-0.09680226
0.000	-0.200	0.000	-0.06944891
0.100	-0.200	0.000	-0.04061944
0.200	-0.200	0.000	-0.01441353
0.300	-0.200	0.000	0.01154940
0.400	-0.200	0.000	0.03169045
0.500	-0.200	0.000	0.05462134
0.600	-0.200	0.000	0.06394587
0.700	-0.200	0.000	0.08022708
0.800	-0.200	0.000	0.08297952
0.900	-0.200	0.000	0.09015030
1.000	-0.200	0.000	0.08004500
-1.000	-0.100	0.000	-0.18706895
-0.900	-0.100	0.000	-0.20060711
-0.800	-0.100	0.000	-0.19480169
-0.700	-0.100	0.000	-0.19559340
-0.600	-0.100	0.000	-0.18467942
-0.500	-0.100	0.000	-0.17655469
-0.400	-0.100	0.000	-0.16368896
-0.300	-0.100	0.000	-0.15272550
-0.200	-0.100	0.000	-0.13217884
-0.100	-0.100	0.000	-0.10797782
0.000	-0.100	0.000	-0.08008571
0.100	-0.100	0.000	-0.05021803
0.200	-0.100	0.000	-0.02317557
0.300	-0.100	0.000	0.00500505
0.400	-0.100	0.000	0.02489232
0.500	-0.100	0.000	0.04932681
0.600	-0.100	0.000	0.06033331
0.700	-0.100	0.000	0.07739218
0.800	-0.100	0.000	0.08196520
0.900	-0.100	0.000	0.08986638
1.000	-0.100	0.000	0.08213011
-1.000	0.000	0.000	-0.18416235
-0.900	0.000	0.000	-0.19935553
-0.800	0.000	0.000	-0.19450040
-0.700	0.000	0.000	-0.19674492
-0.600	0.000	0.000	-0.18676654
-0.500	0.000	0.000	-0.17980590
-0.400	0.000	0.000	-0.16807584
-0.300	0.000	0.000	-0.15888067
-0.200	0.000	0.000	-0.14033194
-0.100	0.000	0.000	-0.11667450
0.000	0.000	0.000	-0.08953105
0.100	0.000	0.000	-0.05874226
0.200	0.000	0.000	-0.03178476
0.300	0.000	0.000	-0.00215624
0.400	0.000	0.000	0.01799866
0.500	0.000	0.000	0.04326738
0.600	0.000	0.000	0.05535842
0.700	0.000	0.000	0.07387292
0.800	0.000	0.000	0.07982200
0.900	0.000	0.000	0.08827885
1.000	0.000	0.000	0.08309396
-1.000	0.100	0.000	-0.17674093
-0.900	0.100	0.000	-0.19414724
-0.800	0.100	0.000	-0.18994261
-0.700	0.100	0.000	-0.19450900
-0.600	0.100	0.000	-0.18604858
-0.500	0.100	0.000	-0.18125288
-0.400	0.100	0.000	-0.17124295
-0.300	0.100	0.000	-0.16198088
-0.200	0.100	0.000	-0.14589742
-0.100	0.100	0.000	-0.12372900
0.000	0.100	0.000	-0.09729107
0.100	0.100	0.000	-0.06657595
0.200	0.100	0.000	-0.03941853
0.300	0.100	0.000	-0.00907829
0.400	0.100	0.000	0.01113790
0.500	0.100	0.000	0.03730256
0.600	0.100	0.000	0.04956871
0.700	0.100	0.000	0.06947374
0.800	0.100	0.000	0.07688008
0.900	0.100	0.000	0.08605567
1.000	0.100	0.000	0.08354244
-1.000	0.200	0.000	-0.16786624
-0.900	0.200	0.000	-0.18702787
-0.800	0.200	0.000	-0.18326862
-0.700	0.200	0.000	-0.18822168
-0.600	0.200	0.000	-0.18119518
-0.500	0.200	0.000	-0.17904374
-0.400	0.200	0.000	-0.16940860
-0.300	0.200	0.000	-0.16155469
-0.200	0.200	0.000	-0.14801647
-0.100	0.200	0.000	-0.12853627
0.000	0.200	0.000	-0.10411750
0.100	0.200	0.000	-0.07423899
0.200	0.200	0.000	-0.04731656
0.300	0.200	0.000	-0.01679920
0.400	0.200	0.000	0.00284700
0.500	0.200	0.000	0.03006642
0.600	0.200	0.000	0.04285079
0.700	0.200	0.000	0.06304562
0.800	0.200	0.000	0.07160476
0.900	0.200	0.000	0.08233776
1.000	0.200	0.000	0.08232450
-1.000	0.300	0.000	-0.15651712
-0.900	0.300	0.000	-0.17755491
-0.800	0.300	0.000	-0.17451765
-0.700	0.300	0.000	-0.18192960
-0.600	0.300	0.000	-0.17651071
-0.500	0.300	0.000	-0.17675011
-0.400	0.300	0.000	-0.16794622
-0.300	0.300	0.000	-0.16035028
-0.200	0.300	0.000	-0.14895195
-0.100	0.300	0.000	-0.13211636
0.000	0.300	0.000	-0.10864799
0.100	0.300	0.000	-0.08103680
0.200	0.300	0.000	-0.05453772
0.300	0.300	0.000	-0.02319002
0.400	0.300	0.000	-0.00388237
0.500	0.300	0.000	0.02431504
0.600	0.300	0.000	0.03816400
0.700	0.300	0.000	0.05845076
0.800	0.300	0.000	0.06742952
0.900	0.300	0.000	0.07897776
1.000	0.300	0.000	0.08103388
-1.000	0.400	0.000	-0.14082412
-0.900	0.400	0.000	-0.16321212
-0.800	0.400	0.000	-0.16106558
-0.700	0.400	0.000	-0.16998188
-0.600	0.400	0.000	-0.16565332
-0.500	0.400	0.000	-0.16737530
-0.400	0.400	0.000	-0.16111511
-0.300	0.400	0.000	-0.15582535
-0.200	0.400	0.000	-0.14471766
-0.100	0.400	0.000	-0.13144131
0.000	0.400	0.000	-0.11186032
0.100	0.400	0.000	-0.08717255
0.200	0.400	0.000	-0.06298213
0.300	0.400	0.000	-0.03227602
0.400	0.400	0.000	-0.01411040
0.500	0.400	0.000	0.01394518
0.600	0.400	0.000	0.02736025
0.700	0.400	0.000	0.04921375
0.800	0.400	0.000	0.05884627
0.900	0.400	0.000	0.07132062
1.000	0.400	0.000	0.07659450
-1.000	0.500	0.000	-0.12518188
-0.900	0.500	0.000	-0.15101150
-0.800	0.500	0.000	-0.15089296
-0.700	0.500	0.000	-0.16253848
-0.600	0.500	0.000	-0.16055399
-0.500	0.500	0.000	-0.16478693
-0.400	0.500	0.000	-0.16076830
-0.300	0.500	0.000	-0.15398616
-0.200	0.500	0.000	-0.14482570
-0.100	0.500	0.000	-0.13419291
0.000	0.500	0.000	-0.11553106
0.100	0.500	0.000	-0.09157905
0.200	0.500	0.000	-0.06800287
0.300	0.500	0.000	-0.03729069
0.400	0.500	0.000	-0.01876331
0.500	0.500	0.000	0.01042543
0.600	0.500	0.000	0.02384665
0.700	0.500	0.000	0.04601025
0.800	0.500	0.000	0.05528719
0.900	0.500	0.000	0.06776462
1.000	0.500	0.000	0.07388337
-1.000	0.600	0.000	-0.10444131
-0.900	0.600	0.000	-0.12935649
-0.800	0.600	0.000	-0.13062060
-0.700	0.600	0.000	-0.14533497
-0.600	0.600	0.000	-0.14509484
-0.500	0.600	0.000	-0.15137930
-0.400	0.600	0.000	-0.14992580
-0.300	0.600	0.000	-0.14685433
-0.200	0.600	0.000	-0.14003704
-0.100	0.600	0.000	-0.13064043
0.000	0.600	0.000	-0.11666356
0.100	0.600	0.000	-0.09585766
0.200	0.600	0.000	-0.07622353
0.300	0.600	0.000	-0.04812958
0.400	0.600	0.000	-0.03190624
0.500	0.600	0.000	-0.00351032
0.600	0.600	0.000	0.01013356
0.700	0.600	0.000	0.03264709
0.800	0.600	0.000	0.04306954
0.900	0.600	0.000	0.05532723
1.000	0.600	0.000	0.06438094
-1.000	0.700	0.000	-0.09122381
-0.900	0.700	0.000	-0.11939746
-0.800	0.700	0.000	-0.12011474
-0.700	0.700	0.000	-0.13886672
-0.600	0.700	0.000	-0.14185192
-0.500	0.700	0.000	-0.14841686
-0.400	0.700	0.000	-0.14784813
-0.300	0.700	0.000	-0.14689884
-0.200	0.700	0.000	-0.14076786
-0.100	0.700	0.000	-0.13098513
0.000	0.700	0.000	-0.11929048
0.100	0.700	0.000	-0.09971051
0.200	0.700	0.000	-0.08047960
0.300	0.700	0.000	-0.05061554
0.400	0.700	0.000	-0.03402402
0.500	0.700	0.000	-0.00562210
0.600	0.700	0.000	0.00682353
0.700	0.700	0.000	0.02890153
0.800	0.700	0.000	0.03931924
0.900	0.700	0.000	0.05116974
1.000	0.700	0.000	0.05994973
-1.000	0.800	0.000	-0.06556997
-0.900	0.800	0.000	-0.09483033
-0.800	0.800	0.000	-0.09788125
-0.700	0.800	0.000	-0.11692838
-0.600	0.800	0.000	-0.12327306
-0.500	0.800	0.000	-0.13262290
-0.400	0.800	0.000	-0.13600580
-0.300	0.800	0.000	-0.13693717
-0.200	0.800	0.000	-0.13447908
-0.100	0.800	0.000	-0.12844181
0.000	0.800	0.000	-0.11985824
0.100	0.800	0.000	-0.10545298
0.200	0.800	0.000	-0.09024467
0.300	0.800	0.000	-0.06574192
0.400	0.800	0.000	-0.05080716
0.500	0.800	0.000	-0.02391271
0.600	0.800	0.000	-0.01113346
0.700	0.800	0.000	0.01082605
0.800	0.800	0.000	0.02376499
0.900	0.800	0.000	0.03584656
1.000	0.800	0.000	0.04664097
-1.000	0.900	0.000	-0.05509247
-0.900	0.900	0.000	-0.08663020
-0.800	0.900	0.000	-0.09020293
-0.700	0.900	0.000	-0.11302804
-0.600	0.900	0.000	-0.12006583
-0.500	0.900	0.000	-0.13143215
-0.400	0.900	0.000	-0.13551416
-0.300	0.900	0.000	-0.13507013
-0.200	0.900	0.000	-0.13425772
-0.100	0.900	0.000	-0.12884654
0.000	0.900	0.000	-0.11969066
0.100	0.900	0.000	-0.10627776
0.200	0.900	0.000	-0.09089573
0.300	0.900	0.000	-0.06647942
0.400	0.900	0.000	-0.05205123
0.500	0.900	0.000	-0.02568224
0.600	0.900	0.000	-0.01227761
0.700	0.900	0.000	0.00921555
0.800	0.900	0.000	0.02068130
0.900	0.900	0.000	0.03170163
1.000	0.900	0.000	0.04161657
-1.000	1.000	0.000	-0.02518384
-0.900	1.000	0.000	-0.05685142
-0.800	1.000	0.000	-0.06463455
-0.700	1.000	0.000	-0.08874546
-0.600	1.000	0.000	-0.10135323
-0.500	1.000	0.000	-0.11327647
-0.400	1.000	0.000	-0.12251735
-0.300	1.000	0.000	-0.12426937
-0.200	1.000	0.000	-0.12735520
-0.100	1.000	0.000	-0.12647621
0.000	1.000	0.000	-0.12216944
0.100	1.000	0.000	-0.11311774
0.200	1.000	0.000	-0.10406568
0.300	1.000	0.000	-0.08371358
0.400	1.000	0.000	-0.07237937
0.500	1.000	0.000	-0.04761791
0.600	1.000	0.000	-0.03293936
0.700	1.000	0.000	-0.01288498
0.800	1.000	0.000	0.00126674
0.900	1.000	0.000	0.01263550
1.000	1.000	0.000	0.02545181
